 #  Results from PENMAIN. Output from energy-deposition detector #  1
 #  Deposited energy spectrum.
 #  WARNING: May be strongly biased if interaction forcing is used!
 #  1st column: deposited energy (eV).
 #  2nd column: probability density (1/(eV*particle)).
 #  3rd column: statistical uncertainty (3 sigma).

   1.666667E+04  6.666000E-08  4.237713E-09
   5.000000E+04  6.486000E-08  4.180232E-09
   8.333333E+04  6.609000E-08  4.219596E-09
   1.166667E+05  6.531000E-08  4.194677E-09
   1.500000E+05  6.396000E-08  4.151190E-09
   1.833333E+05  6.222000E-08  4.094455E-09
   2.166667E+05  6.453000E-08  4.169607E-09
   2.500000E+05  6.213000E-08  4.091498E-09
   2.833333E+05  6.189000E-08  4.083605E-09
   3.166667E+05  6.327000E-08  4.128786E-09
   3.500000E+05  6.270000E-08  4.110185E-09
   3.833333E+05  6.333000E-08  4.130739E-09
   4.166667E+05  6.300000E-08  4.119985E-09
   4.500000E+05  6.144000E-08  4.068762E-09
   4.833333E+05  6.210000E-08  4.090512E-09
   5.166667E+05  6.300000E-08  4.119985E-09
   5.500000E+05  6.069000E-08  4.043903E-09
   5.833333E+05  6.207000E-08  4.089526E-09
   6.166667E+05  6.129000E-08  4.063803E-09
   6.500000E+05  6.003000E-08  4.021899E-09
   6.833333E+05  6.339000E-08  4.132691E-09
   7.166667E+05  6.105000E-08  4.055855E-09
   7.500000E+05  6.276000E-08  4.112147E-09
   7.833333E+05  6.174000E-08  4.078663E-09
   8.166667E+05  6.381000E-08  4.146330E-09
   8.500000E+05  6.414000E-08  4.157015E-09
   8.833333E+05  6.270000E-08  4.110185E-09
   9.166667E+05  6.621000E-08  4.223416E-09
   9.500000E+05  6.183000E-08  4.081629E-09
   9.833333E+05  6.480000E-08  4.178302E-09
   1.016667E+06  6.660000E-08  4.235809E-09
   1.050000E+06  6.693000E-08  4.246267E-09
   1.083333E+06  6.573000E-08  4.208113E-09
   1.116667E+06  6.804000E-08  4.281254E-09
   1.150000E+06  6.852000E-08  4.296294E-09
   1.183333E+06  6.768000E-08  4.269938E-09
   1.216667E+06  7.002000E-08  4.342957E-09
   1.250000E+06  6.894000E-08  4.309411E-09
   1.283333E+06  6.960000E-08  4.329943E-09
   1.316667E+06  7.176000E-08  4.396459E-09
   1.350000E+06  7.113000E-08  4.377164E-09
   1.383333E+06  7.452000E-08  4.480002E-09
   1.416667E+06  7.392000E-08  4.461975E-09
   1.450000E+06  7.287000E-08  4.430249E-09
   1.483333E+06  5.186400E-07  1.173081E-08
   1.516667E+06  9.984000E-08  5.183347E-09
   1.550000E+06  9.711000E-08  5.112223E-09
   1.583333E+06  9.951000E-08  5.174802E-09
   1.616667E+06  9.945000E-08  5.173247E-09
   1.650000E+06  9.870000E-08  5.153768E-09
   1.683333E+06  9.765000E-08  5.126371E-09
   1.716667E+06  9.924000E-08  5.167801E-09
   1.750000E+06  9.591000E-08  5.080641E-09
   1.783333E+06  9.399000E-08  5.029691E-09
   1.816667E+06  9.117000E-08  4.953897E-09
   1.850000E+06  8.940000E-08  4.905718E-09
   1.883333E+06  9.612000E-08  5.086182E-09
   1.916667E+06  1.121100E-07  5.491501E-09
   1.950000E+06  9.699000E-08  5.109074E-09
   1.983333E+06  4.854900E-07  1.135610E-08
   2.016667E+06  1.122300E-07  5.494428E-09
   2.050000E+06  1.139400E-07  5.535970E-09
   2.083333E+06  1.188600E-07  5.653764E-09
   2.116667E+06  1.207200E-07  5.697652E-09
   2.150000E+06  1.246200E-07  5.788577E-09
   2.183333E+06  1.205400E-07  5.693420E-09
   2.216667E+06  1.194000E-07  5.666542E-09
   2.250000E+06  1.079700E-07  5.389525E-09
   2.283333E+06  3.873000E-08  3.231656E-09
   2.316667E+06  1.782000E-08  2.192839E-09
   2.350000E+06  7.470000E-09  1.419999E-09
   2.383333E+06  2.490000E-09  8.199050E-10
   2.416667E+06  7.323000E-08  4.441153E-09
   2.450000E+06  2.010000E-09  7.366571E-10
   2.483333E+06  1.410480E-06  1.905058E-08
   2.516667E+06  1.000000E-35  1.000000E-35
   2.550000E+06  1.000000E-35  1.000000E-35
   2.583333E+06  1.000000E-35  1.000000E-35
   2.616667E+06  1.000000E-35  1.000000E-35
   2.650000E+06  1.000000E-35  1.000000E-35
   2.683333E+06  1.000000E-35  1.000000E-35
   2.716667E+06  1.000000E-35  1.000000E-35
   2.750000E+06  1.000000E-35  1.000000E-35
   2.783333E+06  1.000000E-35  1.000000E-35
   2.816667E+06  1.000000E-35  1.000000E-35
   2.850000E+06  1.000000E-35  1.000000E-35
   2.883333E+06  1.000000E-35  1.000000E-35
   2.916667E+06  1.000000E-35  1.000000E-35
   2.950000E+06  1.000000E-35  1.000000E-35
   2.983333E+06  1.000000E-35  1.000000E-35
   3.016667E+06  1.000000E-35  1.000000E-35
   3.050000E+06  1.000000E-35  1.000000E-35
   3.083333E+06  1.000000E-35  1.000000E-35
   3.116667E+06  1.000000E-35  1.000000E-35
   3.150000E+06  1.000000E-35  1.000000E-35
   3.183333E+06  1.000000E-35  1.000000E-35
   3.216667E+06  1.000000E-35  1.000000E-35
   3.250000E+06  1.000000E-35  1.000000E-35
   3.283333E+06  1.000000E-35  1.000000E-35
   3.316667E+06  1.000000E-35  1.000000E-35
   3.350000E+06  1.000000E-35  1.000000E-35
   3.383333E+06  1.000000E-35  1.000000E-35
   3.416667E+06  1.000000E-35  1.000000E-35
   3.450000E+06  1.000000E-35  1.000000E-35
   3.483333E+06  1.000000E-35  1.000000E-35
   3.516667E+06  1.000000E-35  1.000000E-35
   3.550000E+06  1.000000E-35  1.000000E-35
   3.583333E+06  1.000000E-35  1.000000E-35
   3.616667E+06  1.000000E-35  1.000000E-35
   3.650000E+06  1.000000E-35  1.000000E-35
   3.683333E+06  1.000000E-35  1.000000E-35
   3.716667E+06  1.000000E-35  1.000000E-35
   3.750000E+06  1.000000E-35  1.000000E-35
   3.783333E+06  1.000000E-35  1.000000E-35
   3.816667E+06  1.000000E-35  1.000000E-35
   3.850000E+06  1.000000E-35  1.000000E-35
   3.883333E+06  1.000000E-35  1.000000E-35
   3.916667E+06  1.000000E-35  1.000000E-35
   3.950000E+06  1.000000E-35  1.000000E-35
   3.983333E+06  1.000000E-35  1.000000E-35
   4.016667E+06  1.000000E-35  1.000000E-35
   4.050000E+06  1.000000E-35  1.000000E-35
   4.083333E+06  1.000000E-35  1.000000E-35
   4.116667E+06  1.000000E-35  1.000000E-35
   4.150000E+06  1.000000E-35  1.000000E-35
   4.183333E+06  1.000000E-35  1.000000E-35
   4.216667E+06  1.000000E-35  1.000000E-35
   4.250000E+06  1.000000E-35  1.000000E-35
   4.283333E+06  1.000000E-35  1.000000E-35
   4.316667E+06  1.000000E-35  1.000000E-35
   4.350000E+06  1.000000E-35  1.000000E-35
   4.383333E+06  1.000000E-35  1.000000E-35
   4.416667E+06  1.000000E-35  1.000000E-35
   4.450000E+06  1.000000E-35  1.000000E-35
   4.483333E+06  1.000000E-35  1.000000E-35
   4.516667E+06  1.000000E-35  1.000000E-35
   4.550000E+06  1.000000E-35  1.000000E-35
   4.583333E+06  1.000000E-35  1.000000E-35
   4.616667E+06  1.000000E-35  1.000000E-35
   4.650000E+06  1.000000E-35  1.000000E-35
   4.683333E+06  1.000000E-35  1.000000E-35
   4.716667E+06  1.000000E-35  1.000000E-35
   4.750000E+06  1.000000E-35  1.000000E-35
   4.783333E+06  1.000000E-35  1.000000E-35
   4.816667E+06  1.000000E-35  1.000000E-35
   4.850000E+06  1.000000E-35  1.000000E-35
   4.883333E+06  1.000000E-35  1.000000E-35
   4.916667E+06  1.000000E-35  1.000000E-35
   4.950000E+06  1.000000E-35  1.000000E-35
   4.983333E+06  1.000000E-35  1.000000E-35
   5.016667E+06  1.000000E-35  1.000000E-35
   5.050000E+06  1.000000E-35  1.000000E-35
   5.083333E+06  1.000000E-35  1.000000E-35
   5.116667E+06  1.000000E-35  1.000000E-35
   5.150000E+06  1.000000E-35  1.000000E-35
   5.183333E+06  1.000000E-35  1.000000E-35
   5.216667E+06  1.000000E-35  1.000000E-35
   5.250000E+06  1.000000E-35  1.000000E-35
   5.283333E+06  1.000000E-35  1.000000E-35
   5.316667E+06  1.000000E-35  1.000000E-35
   5.350000E+06  1.000000E-35  1.000000E-35
   5.383333E+06  1.000000E-35  1.000000E-35
   5.416667E+06  1.000000E-35  1.000000E-35
   5.450000E+06  1.000000E-35  1.000000E-35
   5.483333E+06  1.000000E-35  1.000000E-35
   5.516667E+06  1.000000E-35  1.000000E-35
   5.550000E+06  1.000000E-35  1.000000E-35
   5.583333E+06  1.000000E-35  1.000000E-35
   5.616667E+06  1.000000E-35  1.000000E-35
   5.650000E+06  1.000000E-35  1.000000E-35
   5.683333E+06  1.000000E-35  1.000000E-35
   5.716667E+06  1.000000E-35  1.000000E-35
   5.750000E+06  1.000000E-35  1.000000E-35
   5.783333E+06  1.000000E-35  1.000000E-35
   5.816667E+06  1.000000E-35  1.000000E-35
   5.850000E+06  1.000000E-35  1.000000E-35
   5.883333E+06  1.000000E-35  1.000000E-35
   5.916667E+06  1.000000E-35  1.000000E-35
   5.950000E+06  1.000000E-35  1.000000E-35
   5.983333E+06  1.000000E-35  1.000000E-35
   6.016667E+06  1.000000E-35  1.000000E-35
   6.050000E+06  1.000000E-35  1.000000E-35
   6.083333E+06  1.000000E-35  1.000000E-35
   6.116667E+06  1.000000E-35  1.000000E-35
   6.150000E+06  1.000000E-35  1.000000E-35
   6.183333E+06  1.000000E-35  1.000000E-35
   6.216667E+06  1.000000E-35  1.000000E-35
   6.250000E+06  1.000000E-35  1.000000E-35
   6.283333E+06  1.000000E-35  1.000000E-35
   6.316667E+06  1.000000E-35  1.000000E-35
   6.350000E+06  1.000000E-35  1.000000E-35
   6.383333E+06  1.000000E-35  1.000000E-35
   6.416667E+06  1.000000E-35  1.000000E-35
   6.450000E+06  1.000000E-35  1.000000E-35
   6.483333E+06  1.000000E-35  1.000000E-35
   6.516667E+06  1.000000E-35  1.000000E-35
   6.550000E+06  1.000000E-35  1.000000E-35
   6.583333E+06  1.000000E-35  1.000000E-35
   6.616667E+06  1.000000E-35  1.000000E-35
   6.650000E+06  1.000000E-35  1.000000E-35
   6.683333E+06  1.000000E-35  1.000000E-35
   6.716667E+06  1.000000E-35  1.000000E-35
   6.750000E+06  1.000000E-35  1.000000E-35
   6.783333E+06  1.000000E-35  1.000000E-35
   6.816667E+06  1.000000E-35  1.000000E-35
   6.850000E+06  1.000000E-35  1.000000E-35
   6.883333E+06  1.000000E-35  1.000000E-35
   6.916667E+06  1.000000E-35  1.000000E-35
   6.950000E+06  1.000000E-35  1.000000E-35
   6.983333E+06  1.000000E-35  1.000000E-35
   7.016667E+06  1.000000E-35  1.000000E-35
   7.050000E+06  1.000000E-35  1.000000E-35
   7.083333E+06  1.000000E-35  1.000000E-35
   7.116667E+06  1.000000E-35  1.000000E-35
   7.150000E+06  1.000000E-35  1.000000E-35
   7.183333E+06  1.000000E-35  1.000000E-35
   7.216667E+06  1.000000E-35  1.000000E-35
   7.250000E+06  1.000000E-35  1.000000E-35
   7.283333E+06  1.000000E-35  1.000000E-35
   7.316667E+06  1.000000E-35  1.000000E-35
   7.350000E+06  1.000000E-35  1.000000E-35
   7.383333E+06  1.000000E-35  1.000000E-35
   7.416667E+06  1.000000E-35  1.000000E-35
   7.450000E+06  1.000000E-35  1.000000E-35
   7.483333E+06  1.000000E-35  1.000000E-35
   7.516667E+06  1.000000E-35  1.000000E-35
   7.550000E+06  1.000000E-35  1.000000E-35
   7.583333E+06  1.000000E-35  1.000000E-35
   7.616667E+06  1.000000E-35  1.000000E-35
   7.650000E+06  1.000000E-35  1.000000E-35
   7.683333E+06  1.000000E-35  1.000000E-35
   7.716667E+06  1.000000E-35  1.000000E-35
   7.750000E+06  1.000000E-35  1.000000E-35
   7.783333E+06  1.000000E-35  1.000000E-35
   7.816667E+06  1.000000E-35  1.000000E-35
   7.850000E+06  1.000000E-35  1.000000E-35
   7.883333E+06  1.000000E-35  1.000000E-35
   7.916667E+06  1.000000E-35  1.000000E-35
   7.950000E+06  1.000000E-35  1.000000E-35
   7.983333E+06  1.000000E-35  1.000000E-35
   8.016667E+06  1.000000E-35  1.000000E-35
   8.050000E+06  1.000000E-35  1.000000E-35
   8.083333E+06  1.000000E-35  1.000000E-35
   8.116667E+06  1.000000E-35  1.000000E-35
   8.150000E+06  1.000000E-35  1.000000E-35
   8.183333E+06  1.000000E-35  1.000000E-35
   8.216667E+06  1.000000E-35  1.000000E-35
   8.250000E+06  1.000000E-35  1.000000E-35
   8.283333E+06  1.000000E-35  1.000000E-35
   8.316667E+06  1.000000E-35  1.000000E-35
   8.350000E+06  1.000000E-35  1.000000E-35
   8.383333E+06  1.000000E-35  1.000000E-35
   8.416667E+06  1.000000E-35  1.000000E-35
   8.450000E+06  1.000000E-35  1.000000E-35
   8.483333E+06  1.000000E-35  1.000000E-35
   8.516667E+06  1.000000E-35  1.000000E-35
   8.550000E+06  1.000000E-35  1.000000E-35
   8.583333E+06  1.000000E-35  1.000000E-35
   8.616667E+06  1.000000E-35  1.000000E-35
   8.650000E+06  1.000000E-35  1.000000E-35
   8.683333E+06  1.000000E-35  1.000000E-35
   8.716667E+06  1.000000E-35  1.000000E-35
   8.750000E+06  1.000000E-35  1.000000E-35
   8.783333E+06  1.000000E-35  1.000000E-35
   8.816667E+06  1.000000E-35  1.000000E-35
   8.850000E+06  1.000000E-35  1.000000E-35
   8.883333E+06  1.000000E-35  1.000000E-35
   8.916667E+06  1.000000E-35  1.000000E-35
   8.950000E+06  1.000000E-35  1.000000E-35
   8.983333E+06  1.000000E-35  1.000000E-35
   9.016667E+06  1.000000E-35  1.000000E-35
   9.050000E+06  1.000000E-35  1.000000E-35
   9.083333E+06  1.000000E-35  1.000000E-35
   9.116667E+06  1.000000E-35  1.000000E-35
   9.150000E+06  1.000000E-35  1.000000E-35
   9.183333E+06  1.000000E-35  1.000000E-35
   9.216667E+06  1.000000E-35  1.000000E-35
   9.250000E+06  1.000000E-35  1.000000E-35
   9.283333E+06  1.000000E-35  1.000000E-35
   9.316667E+06  1.000000E-35  1.000000E-35
   9.350000E+06  1.000000E-35  1.000000E-35
   9.383333E+06  1.000000E-35  1.000000E-35
   9.416667E+06  1.000000E-35  1.000000E-35
   9.450000E+06  1.000000E-35  1.000000E-35
   9.483333E+06  1.000000E-35  1.000000E-35
   9.516667E+06  1.000000E-35  1.000000E-35
   9.550000E+06  1.000000E-35  1.000000E-35
   9.583333E+06  1.000000E-35  1.000000E-35
   9.616667E+06  1.000000E-35  1.000000E-35
   9.650000E+06  1.000000E-35  1.000000E-35
   9.683333E+06  1.000000E-35  1.000000E-35
   9.716667E+06  1.000000E-35  1.000000E-35
   9.750000E+06  1.000000E-35  1.000000E-35
   9.783333E+06  1.000000E-35  1.000000E-35
   9.816667E+06  1.000000E-35  1.000000E-35
   9.850000E+06  1.000000E-35  1.000000E-35
   9.883333E+06  1.000000E-35  1.000000E-35
   9.916667E+06  1.000000E-35  1.000000E-35
   9.950000E+06  1.000000E-35  1.000000E-35
   9.983333E+06  1.000000E-35  1.000000E-35
