 #  Results from PENMAIN. Output from energy-deposition detector #  1
 #  Deposited energy spectrum.
 #  WARNING: May be strongly biased if interaction forcing is used!
 #  1st column: deposited energy (eV).
 #  2nd column: probability density (1/(eV*particle)).
 #  3rd column: statistical uncertainty (3 sigma).

   1.666667E+04  2.241000E-08  2.458898E-09
   5.000000E+04  2.151000E-08  2.409053E-09
   8.333333E+04  2.136000E-08  2.400644E-09
   1.166667E+05  1.929000E-08  2.281436E-09
   1.500000E+05  1.914000E-08  2.272554E-09
   1.833333E+05  1.713000E-08  2.149990E-09
   2.166667E+05  1.905000E-08  2.267208E-09
   2.500000E+05  1.818000E-08  2.214865E-09
   2.833333E+05  1.851000E-08  2.234864E-09
   3.166667E+05  1.773000E-08  2.187298E-09
   3.500000E+05  1.818000E-08  2.214865E-09
   3.833333E+05  1.731000E-08  2.161250E-09
   4.166667E+05  1.650000E-08  2.110107E-09
   4.500000E+05  1.551000E-08  2.045858E-09
   4.833333E+05  1.668000E-08  2.121579E-09
   5.166667E+05  1.584000E-08  2.067497E-09
   5.500000E+05  1.554000E-08  2.047835E-09
   5.833333E+05  1.695000E-08  2.138671E-09
   6.166667E+05  1.770000E-08  2.185447E-09
   6.500000E+05  1.593000E-08  2.073359E-09
   6.833333E+05  1.611000E-08  2.085033E-09
   7.166667E+05  1.584000E-08  2.067497E-09
   7.500000E+05  1.614000E-08  2.086973E-09
   7.833333E+05  1.524000E-08  2.027982E-09
   8.166667E+05  1.566000E-08  2.055722E-09
   8.500000E+05  1.668000E-08  2.121579E-09
   8.833333E+05  1.431000E-08  1.965161E-09
   9.166667E+05  1.644000E-08  2.106269E-09
   9.500000E+05  1.509000E-08  2.017982E-09
   9.833333E+05  1.575000E-08  2.061618E-09
   1.016667E+06  1.608000E-08  2.083092E-09
   1.050000E+06  1.398000E-08  1.942380E-09
   1.083333E+06  1.515000E-08  2.021988E-09
   1.116667E+06  1.584000E-08  2.067497E-09
   1.150000E+06  1.620000E-08  2.090846E-09
   1.183333E+06  1.440000E-08  1.971328E-09
   1.216667E+06  1.464000E-08  1.987680E-09
   1.250000E+06  1.509000E-08  2.017982E-09
   1.283333E+06  1.410000E-08  1.950695E-09
   1.316667E+06  1.569000E-08  2.057689E-09
   1.350000E+06  1.590000E-08  2.071406E-09
   1.383333E+06  1.623000E-08  2.092780E-09
   1.416667E+06  1.443000E-08  1.973379E-09
   1.450000E+06  1.527000E-08  2.029976E-09
   1.483333E+06  1.515000E-08  2.021988E-09
   1.516667E+06  1.512000E-08  2.019986E-09
   1.550000E+06  1.575000E-08  2.061618E-09
   1.583333E+06  1.602000E-08  2.079204E-09
   1.616667E+06  1.560000E-08  2.051782E-09
   1.650000E+06  1.467000E-08  1.989714E-09
   1.683333E+06  1.566000E-08  2.055722E-09
   1.716667E+06  1.662000E-08  2.117762E-09
   1.750000E+06  1.527000E-08  2.029976E-09
   1.783333E+06  1.533000E-08  2.033958E-09
   1.816667E+06  1.590000E-08  2.071406E-09
   1.850000E+06  1.395000E-08  1.940296E-09
   1.883333E+06  1.569000E-08  2.057689E-09
   1.916667E+06  1.566000E-08  2.055722E-09
   1.950000E+06  1.662000E-08  2.117762E-09
   1.983333E+06  1.602000E-08  2.079204E-09
   2.016667E+06  1.599000E-08  2.077258E-09
   2.050000E+06  1.581000E-08  2.065539E-09
   2.083333E+06  1.509000E-08  2.017982E-09
   2.116667E+06  1.584000E-08  2.067497E-09
   2.150000E+06  1.632000E-08  2.098572E-09
   2.183333E+06  1.647000E-08  2.108188E-09
   2.216667E+06  1.695000E-08  2.138671E-09
   2.250000E+06  1.488000E-08  2.003898E-09
   2.283333E+06  1.578000E-08  2.063579E-09
   2.316667E+06  1.458000E-08  1.983604E-09
   2.350000E+06  1.659000E-08  2.115850E-09
   2.383333E+06  1.647000E-08  2.108188E-09
   2.416667E+06  1.851000E-08  2.234864E-09
   2.450000E+06  1.755000E-08  2.176173E-09
   2.483333E+06  1.644000E-08  2.106269E-09
   2.516667E+06  1.683000E-08  2.131091E-09
   2.550000E+06  1.722000E-08  2.155628E-09
   2.583333E+06  1.677000E-08  2.127291E-09
   2.616667E+06  1.641000E-08  2.104347E-09
   2.650000E+06  1.761000E-08  2.179887E-09
   2.683333E+06  1.854000E-08  2.236673E-09
   2.716667E+06  1.752000E-08  2.174313E-09
   2.750000E+06  1.623000E-08  2.092780E-09
   2.783333E+06  1.608000E-08  2.083092E-09
   2.816667E+06  1.740000E-08  2.166858E-09
   2.850000E+06  1.779000E-08  2.190993E-09
   2.883333E+06  1.881000E-08  2.252891E-09
   2.916667E+06  1.785000E-08  2.194683E-09
   2.950000E+06  1.941000E-08  2.288517E-09
   2.983333E+06  1.728000E-08  2.159378E-09
   3.016667E+06  1.818000E-08  2.214865E-09
   3.050000E+06  1.872000E-08  2.247498E-09
   3.083333E+06  1.782000E-08  2.192839E-09
   3.116667E+06  1.893000E-08  2.260061E-09
   3.150000E+06  1.851000E-08  2.234864E-09
   3.183333E+06  1.791000E-08  2.198366E-09
   3.216667E+06  1.758000E-08  2.178031E-09
   3.250000E+06  1.890000E-08  2.258270E-09
   3.283333E+06  1.959000E-08  2.299097E-09
   3.316667E+06  2.004000E-08  2.325336E-09
   3.350000E+06  1.962000E-08  2.300855E-09
   3.383333E+06  1.893000E-08  2.260061E-09
   3.416667E+06  1.896000E-08  2.261850E-09
   3.450000E+06  2.052000E-08  2.353000E-09
   3.483333E+06  2.064000E-08  2.359866E-09
   3.516667E+06  1.989000E-08  2.316622E-09
   3.550000E+06  1.860000E-08  2.240287E-09
   3.583333E+06  1.992000E-08  2.318368E-09
   3.616667E+06  1.941000E-08  2.288517E-09
   3.650000E+06  1.998000E-08  2.321854E-09
   3.683333E+06  2.154000E-08  2.410731E-09
   3.716667E+06  2.004000E-08  2.325336E-09
   3.750000E+06  2.034000E-08  2.342664E-09
   3.783333E+06  1.968000E-08  2.304369E-09
   3.816667E+06  2.169000E-08  2.419104E-09
   3.850000E+06  2.079000E-08  2.368419E-09
   3.883333E+06  2.061000E-08  2.358151E-09
   3.916667E+06  2.181000E-08  2.425782E-09
   3.950000E+06  2.151000E-08  2.409053E-09
   3.983333E+06  2.091000E-08  2.375240E-09
   4.016667E+06  2.028000E-08  2.339209E-09
   4.050000E+06  2.055000E-08  2.354719E-09
   4.083333E+06  2.313000E-08  2.498056E-09
   4.116667E+06  2.232000E-08  2.453959E-09
   4.150000E+06  2.373000E-08  2.530224E-09
   4.183333E+06  2.364000E-08  2.525425E-09
   4.216667E+06  2.286000E-08  2.483445E-09
   4.250000E+06  2.346000E-08  2.515799E-09
   4.283333E+06  2.322000E-08  2.502908E-09
   4.316667E+06  2.313000E-08  2.498056E-09
   4.350000E+06  2.562000E-08  2.628972E-09
   4.383333E+06  2.394000E-08  2.541386E-09
   4.416667E+06  2.409000E-08  2.549329E-09
   4.450000E+06  2.436000E-08  2.563564E-09
   4.483333E+06  2.391000E-08  2.539794E-09
   4.516667E+06  2.505000E-08  2.599587E-09
   4.550000E+06  2.589000E-08  2.642776E-09
   4.583333E+06  2.619000E-08  2.658031E-09
   4.616667E+06  2.712000E-08  2.704770E-09
   4.650000E+06  2.811000E-08  2.753650E-09
   4.683333E+06  2.700000E-08  2.698785E-09
   4.716667E+06  2.799000E-08  2.747772E-09
   4.750000E+06  2.877000E-08  2.785759E-09
   4.783333E+06  2.751000E-08  2.724131E-09
   4.816667E+06  2.943000E-08  2.817500E-09
   4.850000E+06  2.928000E-08  2.810317E-09
   4.883333E+06  2.877000E-08  2.785759E-09
   4.916667E+06  2.895000E-08  2.794451E-09
   4.950000E+06  3.042000E-08  2.864450E-09
   4.983333E+06  3.102000E-08  2.892532E-09
   5.016667E+06  3.120000E-08  2.900903E-09
   5.050000E+06  3.195000E-08  2.935526E-09
   5.083333E+06  3.201000E-08  2.938278E-09
   5.116667E+06  3.378000E-08  3.018332E-09
   5.150000E+06  3.141000E-08  2.910639E-09
   5.183333E+06  3.384000E-08  3.021009E-09
   5.216667E+06  3.381000E-08  3.019671E-09
   5.250000E+06  3.537000E-08  3.088469E-09
   5.283333E+06  3.381000E-08  3.019671E-09
   5.316667E+06  3.402000E-08  3.029024E-09
   5.350000E+06  3.702000E-08  3.159599E-09
   5.383333E+06  3.696000E-08  3.157041E-09
   5.416667E+06  3.747000E-08  3.178720E-09
   5.450000E+06  4.095000E-08  3.322861E-09
   5.483333E+06  3.924000E-08  3.252836E-09
   5.516667E+06  3.849000E-08  3.221640E-09
   5.550000E+06  4.299000E-08  3.404507E-09
   5.583333E+06  4.281000E-08  3.397382E-09
   5.616667E+06  4.317000E-08  3.411616E-09
   5.650000E+06  4.380000E-08  3.436384E-09
   5.683333E+06  4.479000E-08  3.474945E-09
   5.716667E+06  4.677000E-08  3.550805E-09
   5.750000E+06  4.821000E-08  3.604966E-09
   5.783333E+06  4.803000E-08  3.598241E-09
   5.816667E+06  4.671000E-08  3.548530E-09
   5.850000E+06  5.001000E-08  3.671538E-09
   5.883333E+06  5.169000E-08  3.732593E-09
   5.916667E+06  5.250000E-08  3.761674E-09
   5.950000E+06  5.181000E-08  3.736916E-09
   5.983333E+06  5.631000E-08  3.895531E-09
   6.016667E+06  5.655000E-08  3.903808E-09
   6.050000E+06  5.718000E-08  3.925452E-09
   6.083333E+06  5.988000E-08  4.016881E-09
   6.116667E+06  6.078000E-08  4.046894E-09
   6.150000E+06  6.057000E-08  4.039911E-09
   6.183333E+06  6.159000E-08  4.073716E-09
   6.216667E+06  6.036000E-08  4.032916E-09
   6.250000E+06  5.688000E-08  3.915161E-09
   6.283333E+06  5.208000E-08  3.746624E-09
   6.316667E+06  4.779000E-08  3.589254E-09
   6.350000E+06  4.704000E-08  3.561023E-09
   6.383333E+06  5.082000E-08  3.701102E-09
   6.416667E+06  5.619000E-08  3.891386E-09
   6.450000E+06  4.377000E-08  3.435209E-09
   6.483333E+06  6.898800E-07  1.349015E-08
   6.516667E+06  8.280000E-08  4.721684E-09
   6.550000E+06  7.839000E-08  4.594561E-09
   6.583333E+06  7.572000E-08  4.515839E-09
   6.616667E+06  6.801000E-08  4.280312E-09
   6.650000E+06  7.041000E-08  4.355007E-09
   6.683333E+06  6.417000E-08  4.157985E-09
   6.716667E+06  6.021000E-08  4.027912E-09
   6.750000E+06  5.376000E-08  3.806467E-09
   6.783333E+06  4.449000E-08  3.463306E-09
   6.816667E+06  3.492000E-08  3.068782E-09
   6.850000E+06  2.805000E-08  2.750712E-09
   6.883333E+06  2.649000E-08  2.673197E-09
   6.916667E+06  6.177000E-08  4.079652E-09
   6.950000E+06  2.283000E-08  2.481816E-09
   6.983333E+06  6.104400E-07  1.270689E-08
   7.016667E+06  3.558000E-08  3.097613E-09
   7.050000E+06  3.381000E-08  3.019671E-09
   7.083333E+06  3.390000E-08  3.023683E-09
   7.116667E+06  3.492000E-08  3.068782E-09
   7.150000E+06  3.339000E-08  3.000878E-09
   7.183333E+06  3.045000E-08  2.865860E-09
   7.216667E+06  2.967000E-08  2.828953E-09
   7.250000E+06  2.346000E-08  2.515799E-09
   7.283333E+06  1.134000E-08  1.749469E-09
   7.316667E+06  6.270000E-09  1.300979E-09
   7.350000E+06  2.880000E-09  8.817740E-10
   7.383333E+06  7.500000E-10  4.499944E-10
   7.416667E+06  2.274000E-08  2.476923E-09
   7.450000E+06  6.000000E-10  4.024882E-10
   7.483333E+06  2.308500E-07  7.864469E-09
   7.516667E+06  1.000000E-35  1.000000E-35
   7.550000E+06  1.000000E-35  1.000000E-35
   7.583333E+06  1.000000E-35  1.000000E-35
   7.616667E+06  1.000000E-35  1.000000E-35
   7.650000E+06  1.000000E-35  1.000000E-35
   7.683333E+06  1.000000E-35  1.000000E-35
   7.716667E+06  1.000000E-35  1.000000E-35
   7.750000E+06  1.000000E-35  1.000000E-35
   7.783333E+06  1.000000E-35  1.000000E-35
   7.816667E+06  1.000000E-35  1.000000E-35
   7.850000E+06  1.000000E-35  1.000000E-35
   7.883333E+06  1.000000E-35  1.000000E-35
   7.916667E+06  1.000000E-35  1.000000E-35
   7.950000E+06  1.000000E-35  1.000000E-35
   7.983333E+06  1.000000E-35  1.000000E-35
   8.016667E+06  1.000000E-35  1.000000E-35
   8.050000E+06  1.000000E-35  1.000000E-35
   8.083333E+06  1.000000E-35  1.000000E-35
   8.116667E+06  1.000000E-35  1.000000E-35
   8.150000E+06  1.000000E-35  1.000000E-35
   8.183333E+06  1.000000E-35  1.000000E-35
   8.216667E+06  1.000000E-35  1.000000E-35
   8.250000E+06  1.000000E-35  1.000000E-35
   8.283333E+06  1.000000E-35  1.000000E-35
   8.316667E+06  1.000000E-35  1.000000E-35
   8.350000E+06  1.000000E-35  1.000000E-35
   8.383333E+06  1.000000E-35  1.000000E-35
   8.416667E+06  1.000000E-35  1.000000E-35
   8.450000E+06  1.000000E-35  1.000000E-35
   8.483333E+06  1.000000E-35  1.000000E-35
   8.516667E+06  1.000000E-35  1.000000E-35
   8.550000E+06  1.000000E-35  1.000000E-35
   8.583333E+06  1.000000E-35  1.000000E-35
   8.616667E+06  1.000000E-35  1.000000E-35
   8.650000E+06  1.000000E-35  1.000000E-35
   8.683333E+06  1.000000E-35  1.000000E-35
   8.716667E+06  1.000000E-35  1.000000E-35
   8.750000E+06  1.000000E-35  1.000000E-35
   8.783333E+06  1.000000E-35  1.000000E-35
   8.816667E+06  1.000000E-35  1.000000E-35
   8.850000E+06  1.000000E-35  1.000000E-35
   8.883333E+06  1.000000E-35  1.000000E-35
   8.916667E+06  1.000000E-35  1.000000E-35
   8.950000E+06  1.000000E-35  1.000000E-35
   8.983333E+06  1.000000E-35  1.000000E-35
   9.016667E+06  1.000000E-35  1.000000E-35
   9.050000E+06  1.000000E-35  1.000000E-35
   9.083333E+06  1.000000E-35  1.000000E-35
   9.116667E+06  1.000000E-35  1.000000E-35
   9.150000E+06  1.000000E-35  1.000000E-35
   9.183333E+06  1.000000E-35  1.000000E-35
   9.216667E+06  1.000000E-35  1.000000E-35
   9.250000E+06  1.000000E-35  1.000000E-35
   9.283333E+06  1.000000E-35  1.000000E-35
   9.316667E+06  1.000000E-35  1.000000E-35
   9.350000E+06  1.000000E-35  1.000000E-35
   9.383333E+06  1.000000E-35  1.000000E-35
   9.416667E+06  1.000000E-35  1.000000E-35
   9.450000E+06  1.000000E-35  1.000000E-35
   9.483333E+06  1.000000E-35  1.000000E-35
   9.516667E+06  1.000000E-35  1.000000E-35
   9.550000E+06  1.000000E-35  1.000000E-35
   9.583333E+06  1.000000E-35  1.000000E-35
   9.616667E+06  1.000000E-35  1.000000E-35
   9.650000E+06  1.000000E-35  1.000000E-35
   9.683333E+06  1.000000E-35  1.000000E-35
   9.716667E+06  1.000000E-35  1.000000E-35
   9.750000E+06  1.000000E-35  1.000000E-35
   9.783333E+06  1.000000E-35  1.000000E-35
   9.816667E+06  1.000000E-35  1.000000E-35
   9.850000E+06  1.000000E-35  1.000000E-35
   9.883333E+06  1.000000E-35  1.000000E-35
   9.916667E+06  1.000000E-35  1.000000E-35
   9.950000E+06  1.000000E-35  1.000000E-35
   9.983333E+06  1.000000E-35  1.000000E-35
