 #  Results from PENMAIN. Output from impact detector #  1
 #  Energy spectra of incident particles.
 #  1st column: particle energy (eV).
 #  2nd column: probability density (1/(eV*particle)).
 #  3rd column: statistical uncertainty, STU (3 sigma).
 #  4th-5th columns: electron spectrum and STU (3 sigma).
 #  6th-7th columns: photon spectrum and STU (3 sigma).
 #  8th-9th columns: positron spectrum and STU (3 sigma).

   8.012500E+06  1.000000E-35  1.00E-35  1.000000E-35  1.00E-35  1.000000E-35  1.00E-35  1.000000E-35  1.00E-35
   8.037500E+06  1.000000E-35  1.00E-35  1.000000E-35  1.00E-35  1.000000E-35  1.00E-35  1.000000E-35  1.00E-35
   8.062500E+06  1.000000E-35  1.00E-35  1.000000E-35  1.00E-35  1.000000E-35  1.00E-35  1.000000E-35  1.00E-35
   8.087500E+06  1.000000E-35  1.00E-35  1.000000E-35  1.00E-35  1.000000E-35  1.00E-35  1.000000E-35  1.00E-35
   8.112500E+06  1.000000E-35  1.00E-35  1.000000E-35  1.00E-35  1.000000E-35  1.00E-35  1.000000E-35  1.00E-35
   8.137500E+06  1.000000E-35  1.00E-35  1.000000E-35  1.00E-35  1.000000E-35  1.00E-35  1.000000E-35  1.00E-35
   8.162500E+06  1.000000E-35  1.00E-35  1.000000E-35  1.00E-35  1.000000E-35  1.00E-35  1.000000E-35  1.00E-35
   8.187500E+06  1.000000E-35  1.00E-35  1.000000E-35  1.00E-35  1.000000E-35  1.00E-35  1.000000E-35  1.00E-35
   8.212500E+06  1.000000E-35  1.00E-35  1.000000E-35  1.00E-35  1.000000E-35  1.00E-35  1.000000E-35  1.00E-35
   8.237500E+06  1.000000E-35  1.00E-35  1.000000E-35  1.00E-35  1.000000E-35  1.00E-35  1.000000E-35  1.00E-35
   8.262500E+06  1.000000E-35  1.00E-35  1.000000E-35  1.00E-35  1.000000E-35  1.00E-35  1.000000E-35  1.00E-35
   8.287500E+06  1.000000E-35  1.00E-35  1.000000E-35  1.00E-35  1.000000E-35  1.00E-35  1.000000E-35  1.00E-35
   8.312500E+06  1.000000E-35  1.00E-35  1.000000E-35  1.00E-35  1.000000E-35  1.00E-35  1.000000E-35  1.00E-35
   8.337500E+06  1.000000E-35  1.00E-35  1.000000E-35  1.00E-35  1.000000E-35  1.00E-35  1.000000E-35  1.00E-35
   8.362500E+06  1.000000E-35  1.00E-35  1.000000E-35  1.00E-35  1.000000E-35  1.00E-35  1.000000E-35  1.00E-35
   8.387500E+06  1.000000E-35  1.00E-35  1.000000E-35  1.00E-35  1.000000E-35  1.00E-35  1.000000E-35  1.00E-35
   8.412500E+06  1.000000E-35  1.00E-35  1.000000E-35  1.00E-35  1.000000E-35  1.00E-35  1.000000E-35  1.00E-35
   8.437500E+06  1.000000E-35  1.00E-35  1.000000E-35  1.00E-35  1.000000E-35  1.00E-35  1.000000E-35  1.00E-35
   8.462500E+06  1.000000E-35  1.00E-35  1.000000E-35  1.00E-35  1.000000E-35  1.00E-35  1.000000E-35  1.00E-35
   8.487500E+06  1.000000E-35  1.00E-35  1.000000E-35  1.00E-35  1.000000E-35  1.00E-35  1.000000E-35  1.00E-35
   8.512500E+06  1.000000E-35  1.00E-35  1.000000E-35  1.00E-35  1.000000E-35  1.00E-35  1.000000E-35  1.00E-35
   8.537500E+06  1.000000E-35  1.00E-35  1.000000E-35  1.00E-35  1.000000E-35  1.00E-35  1.000000E-35  1.00E-35
   8.562500E+06  1.000000E-35  1.00E-35  1.000000E-35  1.00E-35  1.000000E-35  1.00E-35  1.000000E-35  1.00E-35
   8.587500E+06  1.000000E-35  1.00E-35  1.000000E-35  1.00E-35  1.000000E-35  1.00E-35  1.000000E-35  1.00E-35
   8.612500E+06  1.000000E-35  1.00E-35  1.000000E-35  1.00E-35  1.000000E-35  1.00E-35  1.000000E-35  1.00E-35
   8.637500E+06  1.000000E-35  1.00E-35  1.000000E-35  1.00E-35  1.000000E-35  1.00E-35  1.000000E-35  1.00E-35
   8.662500E+06  1.000000E-35  1.00E-35  1.000000E-35  1.00E-35  1.000000E-35  1.00E-35  1.000000E-35  1.00E-35
   8.687500E+06  1.000000E-35  1.00E-35  1.000000E-35  1.00E-35  1.000000E-35  1.00E-35  1.000000E-35  1.00E-35
   8.712500E+06  1.000000E-35  1.00E-35  1.000000E-35  1.00E-35  1.000000E-35  1.00E-35  1.000000E-35  1.00E-35
   8.737500E+06  1.000000E-35  1.00E-35  1.000000E-35  1.00E-35  1.000000E-35  1.00E-35  1.000000E-35  1.00E-35
   8.762500E+06  1.000000E-35  1.00E-35  1.000000E-35  1.00E-35  1.000000E-35  1.00E-35  1.000000E-35  1.00E-35
   8.787500E+06  1.000000E-35  1.00E-35  1.000000E-35  1.00E-35  1.000000E-35  1.00E-35  1.000000E-35  1.00E-35
   8.812500E+06  1.000000E-35  1.00E-35  1.000000E-35  1.00E-35  1.000000E-35  1.00E-35  1.000000E-35  1.00E-35
   8.837500E+06  1.000000E-35  1.00E-35  1.000000E-35  1.00E-35  1.000000E-35  1.00E-35  1.000000E-35  1.00E-35
   8.862500E+06  1.000000E-35  1.00E-35  1.000000E-35  1.00E-35  1.000000E-35  1.00E-35  1.000000E-35  1.00E-35
   8.887500E+06  1.000000E-35  1.00E-35  1.000000E-35  1.00E-35  1.000000E-35  1.00E-35  1.000000E-35  1.00E-35
   8.912500E+06  1.000000E-35  1.00E-35  1.000000E-35  1.00E-35  1.000000E-35  1.00E-35  1.000000E-35  1.00E-35
   8.937500E+06  1.000000E-35  1.00E-35  1.000000E-35  1.00E-35  1.000000E-35  1.00E-35  1.000000E-35  1.00E-35
   8.962500E+06  1.000000E-35  1.00E-35  1.000000E-35  1.00E-35  1.000000E-35  1.00E-35  1.000000E-35  1.00E-35
   8.987500E+06  1.000000E-35  1.00E-35  1.000000E-35  1.00E-35  1.000000E-35  1.00E-35  1.000000E-35  1.00E-35
   9.012500E+06  1.000000E-35  1.00E-35  1.000000E-35  1.00E-35  1.000000E-35  1.00E-35  1.000000E-35  1.00E-35
   9.037500E+06  1.000000E-35  1.00E-35  1.000000E-35  1.00E-35  1.000000E-35  1.00E-35  1.000000E-35  1.00E-35
   9.062500E+06  1.000000E-35  1.00E-35  1.000000E-35  1.00E-35  1.000000E-35  1.00E-35  1.000000E-35  1.00E-35
   9.087500E+06  1.000000E-35  1.00E-35  1.000000E-35  1.00E-35  1.000000E-35  1.00E-35  1.000000E-35  1.00E-35
   9.112500E+06  1.000000E-35  1.00E-35  1.000000E-35  1.00E-35  1.000000E-35  1.00E-35  1.000000E-35  1.00E-35
   9.137500E+06  1.000000E-35  1.00E-35  1.000000E-35  1.00E-35  1.000000E-35  1.00E-35  1.000000E-35  1.00E-35
   9.162500E+06  1.000000E-35  1.00E-35  1.000000E-35  1.00E-35  1.000000E-35  1.00E-35  1.000000E-35  1.00E-35
   9.187500E+06  1.000000E-35  1.00E-35  1.000000E-35  1.00E-35  1.000000E-35  1.00E-35  1.000000E-35  1.00E-35
   9.212500E+06  1.000000E-35  1.00E-35  1.000000E-35  1.00E-35  1.000000E-35  1.00E-35  1.000000E-35  1.00E-35
   9.237500E+06  1.000000E-35  1.00E-35  1.000000E-35  1.00E-35  1.000000E-35  1.00E-35  1.000000E-35  1.00E-35
   9.262500E+06  1.000000E-35  1.00E-35  1.000000E-35  1.00E-35  1.000000E-35  1.00E-35  1.000000E-35  1.00E-35
   9.287500E+06  1.000000E-35  1.00E-35  1.000000E-35  1.00E-35  1.000000E-35  1.00E-35  1.000000E-35  1.00E-35
   9.312500E+06  1.000000E-35  1.00E-35  1.000000E-35  1.00E-35  1.000000E-35  1.00E-35  1.000000E-35  1.00E-35
   9.337500E+06  1.000000E-35  1.00E-35  1.000000E-35  1.00E-35  1.000000E-35  1.00E-35  1.000000E-35  1.00E-35
   9.362500E+06  1.000000E-35  1.00E-35  1.000000E-35  1.00E-35  1.000000E-35  1.00E-35  1.000000E-35  1.00E-35
   9.387500E+06  1.000000E-35  1.00E-35  1.000000E-35  1.00E-35  1.000000E-35  1.00E-35  1.000000E-35  1.00E-35
   9.412500E+06  1.000000E-35  1.00E-35  1.000000E-35  1.00E-35  1.000000E-35  1.00E-35  1.000000E-35  1.00E-35
   9.437500E+06  1.000000E-35  1.00E-35  1.000000E-35  1.00E-35  1.000000E-35  1.00E-35  1.000000E-35  1.00E-35
   9.462500E+06  1.000000E-35  1.00E-35  1.000000E-35  1.00E-35  1.000000E-35  1.00E-35  1.000000E-35  1.00E-35
   9.487500E+06  1.000000E-35  1.00E-35  1.000000E-35  1.00E-35  1.000000E-35  1.00E-35  1.000000E-35  1.00E-35
   9.512500E+06  1.000000E-35  1.00E-35  1.000000E-35  1.00E-35  1.000000E-35  1.00E-35  1.000000E-35  1.00E-35
   9.537500E+06  1.000000E-35  1.00E-35  1.000000E-35  1.00E-35  1.000000E-35  1.00E-35  1.000000E-35  1.00E-35
   9.562500E+06  1.000000E-35  1.00E-35  1.000000E-35  1.00E-35  1.000000E-35  1.00E-35  1.000000E-35  1.00E-35
   9.587500E+06  1.000000E-35  1.00E-35  1.000000E-35  1.00E-35  1.000000E-35  1.00E-35  1.000000E-35  1.00E-35
   9.612500E+06  1.000000E-35  1.00E-35  1.000000E-35  1.00E-35  1.000000E-35  1.00E-35  1.000000E-35  1.00E-35
   9.637500E+06  1.000000E-35  1.00E-35  1.000000E-35  1.00E-35  1.000000E-35  1.00E-35  1.000000E-35  1.00E-35
   9.662500E+06  1.000000E-35  1.00E-35  1.000000E-35  1.00E-35  1.000000E-35  1.00E-35  1.000000E-35  1.00E-35
   9.687500E+06  1.000000E-35  1.00E-35  1.000000E-35  1.00E-35  1.000000E-35  1.00E-35  1.000000E-35  1.00E-35
   9.712500E+06  1.000000E-35  1.00E-35  1.000000E-35  1.00E-35  1.000000E-35  1.00E-35  1.000000E-35  1.00E-35
   9.737500E+06  1.000000E-35  1.00E-35  1.000000E-35  1.00E-35  1.000000E-35  1.00E-35  1.000000E-35  1.00E-35
   9.762500E+06  1.000000E-35  1.00E-35  1.000000E-35  1.00E-35  1.000000E-35  1.00E-35  1.000000E-35  1.00E-35
   9.787500E+06  1.000000E-35  1.00E-35  1.000000E-35  1.00E-35  1.000000E-35  1.00E-35  1.000000E-35  1.00E-35
   9.812500E+06  1.000000E-35  1.00E-35  1.000000E-35  1.00E-35  1.000000E-35  1.00E-35  1.000000E-35  1.00E-35
   9.837500E+06  1.000000E-35  1.00E-35  1.000000E-35  1.00E-35  1.000000E-35  1.00E-35  1.000000E-35  1.00E-35
   9.862500E+06  1.000000E-35  1.00E-35  1.000000E-35  1.00E-35  1.000000E-35  1.00E-35  1.000000E-35  1.00E-35
   9.887500E+06  1.000000E-35  1.00E-35  1.000000E-35  1.00E-35  1.000000E-35  1.00E-35  1.000000E-35  1.00E-35
   9.912500E+06  1.000000E-35  1.00E-35  1.000000E-35  1.00E-35  1.000000E-35  1.00E-35  1.000000E-35  1.00E-35
   9.937500E+06  1.000000E-35  1.00E-35  1.000000E-35  1.00E-35  1.000000E-35  1.00E-35  1.000000E-35  1.00E-35
   9.962500E+06  1.000000E-35  1.00E-35  1.000000E-35  1.00E-35  1.000000E-35  1.00E-35  1.000000E-35  1.00E-35
   9.987500E+06  4.000000E-05  1.00E-35  1.000000E-35  1.00E-35  4.000000E-05  1.00E-35  1.000000E-35  1.00E-35
   1.001250E+07  1.000000E-35  1.00E-35  1.000000E-35  1.00E-35  1.000000E-35  1.00E-35  1.000000E-35  1.00E-35
   1.003750E+07  1.000000E-35  1.00E-35  1.000000E-35  1.00E-35  1.000000E-35  1.00E-35  1.000000E-35  1.00E-35
   1.006250E+07  1.000000E-35  1.00E-35  1.000000E-35  1.00E-35  1.000000E-35  1.00E-35  1.000000E-35  1.00E-35
   1.008750E+07  1.000000E-35  1.00E-35  1.000000E-35  1.00E-35  1.000000E-35  1.00E-35  1.000000E-35  1.00E-35
   1.011250E+07  1.000000E-35  1.00E-35  1.000000E-35  1.00E-35  1.000000E-35  1.00E-35  1.000000E-35  1.00E-35
   1.013750E+07  1.000000E-35  1.00E-35  1.000000E-35  1.00E-35  1.000000E-35  1.00E-35  1.000000E-35  1.00E-35
   1.016250E+07  1.000000E-35  1.00E-35  1.000000E-35  1.00E-35  1.000000E-35  1.00E-35  1.000000E-35  1.00E-35
   1.018750E+07  1.000000E-35  1.00E-35  1.000000E-35  1.00E-35  1.000000E-35  1.00E-35  1.000000E-35  1.00E-35
   1.021250E+07  1.000000E-35  1.00E-35  1.000000E-35  1.00E-35  1.000000E-35  1.00E-35  1.000000E-35  1.00E-35
   1.023750E+07  1.000000E-35  1.00E-35  1.000000E-35  1.00E-35  1.000000E-35  1.00E-35  1.000000E-35  1.00E-35
   1.026250E+07  1.000000E-35  1.00E-35  1.000000E-35  1.00E-35  1.000000E-35  1.00E-35  1.000000E-35  1.00E-35
   1.028750E+07  1.000000E-35  1.00E-35  1.000000E-35  1.00E-35  1.000000E-35  1.00E-35  1.000000E-35  1.00E-35
   1.031250E+07  1.000000E-35  1.00E-35  1.000000E-35  1.00E-35  1.000000E-35  1.00E-35  1.000000E-35  1.00E-35
   1.033750E+07  1.000000E-35  1.00E-35  1.000000E-35  1.00E-35  1.000000E-35  1.00E-35  1.000000E-35  1.00E-35
   1.036250E+07  1.000000E-35  1.00E-35  1.000000E-35  1.00E-35  1.000000E-35  1.00E-35  1.000000E-35  1.00E-35
   1.038750E+07  1.000000E-35  1.00E-35  1.000000E-35  1.00E-35  1.000000E-35  1.00E-35  1.000000E-35  1.00E-35
   1.041250E+07  1.000000E-35  1.00E-35  1.000000E-35  1.00E-35  1.000000E-35  1.00E-35  1.000000E-35  1.00E-35
   1.043750E+07  1.000000E-35  1.00E-35  1.000000E-35  1.00E-35  1.000000E-35  1.00E-35  1.000000E-35  1.00E-35
   1.046250E+07  1.000000E-35  1.00E-35  1.000000E-35  1.00E-35  1.000000E-35  1.00E-35  1.000000E-35  1.00E-35
   1.048750E+07  1.000000E-35  1.00E-35  1.000000E-35  1.00E-35  1.000000E-35  1.00E-35  1.000000E-35  1.00E-35
   1.051250E+07  1.000000E-35  1.00E-35  1.000000E-35  1.00E-35  1.000000E-35  1.00E-35  1.000000E-35  1.00E-35
   1.053750E+07  1.000000E-35  1.00E-35  1.000000E-35  1.00E-35  1.000000E-35  1.00E-35  1.000000E-35  1.00E-35
   1.056250E+07  1.000000E-35  1.00E-35  1.000000E-35  1.00E-35  1.000000E-35  1.00E-35  1.000000E-35  1.00E-35
   1.058750E+07  1.000000E-35  1.00E-35  1.000000E-35  1.00E-35  1.000000E-35  1.00E-35  1.000000E-35  1.00E-35
   1.061250E+07  1.000000E-35  1.00E-35  1.000000E-35  1.00E-35  1.000000E-35  1.00E-35  1.000000E-35  1.00E-35
   1.063750E+07  1.000000E-35  1.00E-35  1.000000E-35  1.00E-35  1.000000E-35  1.00E-35  1.000000E-35  1.00E-35
   1.066250E+07  1.000000E-35  1.00E-35  1.000000E-35  1.00E-35  1.000000E-35  1.00E-35  1.000000E-35  1.00E-35
   1.068750E+07  1.000000E-35  1.00E-35  1.000000E-35  1.00E-35  1.000000E-35  1.00E-35  1.000000E-35  1.00E-35
   1.071250E+07  1.000000E-35  1.00E-35  1.000000E-35  1.00E-35  1.000000E-35  1.00E-35  1.000000E-35  1.00E-35
   1.073750E+07  1.000000E-35  1.00E-35  1.000000E-35  1.00E-35  1.000000E-35  1.00E-35  1.000000E-35  1.00E-35
   1.076250E+07  1.000000E-35  1.00E-35  1.000000E-35  1.00E-35  1.000000E-35  1.00E-35  1.000000E-35  1.00E-35
   1.078750E+07  1.000000E-35  1.00E-35  1.000000E-35  1.00E-35  1.000000E-35  1.00E-35  1.000000E-35  1.00E-35
   1.081250E+07  1.000000E-35  1.00E-35  1.000000E-35  1.00E-35  1.000000E-35  1.00E-35  1.000000E-35  1.00E-35
   1.083750E+07  1.000000E-35  1.00E-35  1.000000E-35  1.00E-35  1.000000E-35  1.00E-35  1.000000E-35  1.00E-35
   1.086250E+07  1.000000E-35  1.00E-35  1.000000E-35  1.00E-35  1.000000E-35  1.00E-35  1.000000E-35  1.00E-35
   1.088750E+07  1.000000E-35  1.00E-35  1.000000E-35  1.00E-35  1.000000E-35  1.00E-35  1.000000E-35  1.00E-35
   1.091250E+07  1.000000E-35  1.00E-35  1.000000E-35  1.00E-35  1.000000E-35  1.00E-35  1.000000E-35  1.00E-35
   1.093750E+07  1.000000E-35  1.00E-35  1.000000E-35  1.00E-35  1.000000E-35  1.00E-35  1.000000E-35  1.00E-35
   1.096250E+07  1.000000E-35  1.00E-35  1.000000E-35  1.00E-35  1.000000E-35  1.00E-35  1.000000E-35  1.00E-35
   1.098750E+07  1.000000E-35  1.00E-35  1.000000E-35  1.00E-35  1.000000E-35  1.00E-35  1.000000E-35  1.00E-35
   1.101250E+07  1.000000E-35  1.00E-35  1.000000E-35  1.00E-35  1.000000E-35  1.00E-35  1.000000E-35  1.00E-35
   1.103750E+07  1.000000E-35  1.00E-35  1.000000E-35  1.00E-35  1.000000E-35  1.00E-35  1.000000E-35  1.00E-35
   1.106250E+07  1.000000E-35  1.00E-35  1.000000E-35  1.00E-35  1.000000E-35  1.00E-35  1.000000E-35  1.00E-35
   1.108750E+07  1.000000E-35  1.00E-35  1.000000E-35  1.00E-35  1.000000E-35  1.00E-35  1.000000E-35  1.00E-35
   1.111250E+07  1.000000E-35  1.00E-35  1.000000E-35  1.00E-35  1.000000E-35  1.00E-35  1.000000E-35  1.00E-35
   1.113750E+07  1.000000E-35  1.00E-35  1.000000E-35  1.00E-35  1.000000E-35  1.00E-35  1.000000E-35  1.00E-35
   1.116250E+07  1.000000E-35  1.00E-35  1.000000E-35  1.00E-35  1.000000E-35  1.00E-35  1.000000E-35  1.00E-35
   1.118750E+07  1.000000E-35  1.00E-35  1.000000E-35  1.00E-35  1.000000E-35  1.00E-35  1.000000E-35  1.00E-35
   1.121250E+07  1.000000E-35  1.00E-35  1.000000E-35  1.00E-35  1.000000E-35  1.00E-35  1.000000E-35  1.00E-35
   1.123750E+07  1.000000E-35  1.00E-35  1.000000E-35  1.00E-35  1.000000E-35  1.00E-35  1.000000E-35  1.00E-35
   1.126250E+07  1.000000E-35  1.00E-35  1.000000E-35  1.00E-35  1.000000E-35  1.00E-35  1.000000E-35  1.00E-35
   1.128750E+07  1.000000E-35  1.00E-35  1.000000E-35  1.00E-35  1.000000E-35  1.00E-35  1.000000E-35  1.00E-35
   1.131250E+07  1.000000E-35  1.00E-35  1.000000E-35  1.00E-35  1.000000E-35  1.00E-35  1.000000E-35  1.00E-35
   1.133750E+07  1.000000E-35  1.00E-35  1.000000E-35  1.00E-35  1.000000E-35  1.00E-35  1.000000E-35  1.00E-35
   1.136250E+07  1.000000E-35  1.00E-35  1.000000E-35  1.00E-35  1.000000E-35  1.00E-35  1.000000E-35  1.00E-35
   1.138750E+07  1.000000E-35  1.00E-35  1.000000E-35  1.00E-35  1.000000E-35  1.00E-35  1.000000E-35  1.00E-35
   1.141250E+07  1.000000E-35  1.00E-35  1.000000E-35  1.00E-35  1.000000E-35  1.00E-35  1.000000E-35  1.00E-35
   1.143750E+07  1.000000E-35  1.00E-35  1.000000E-35  1.00E-35  1.000000E-35  1.00E-35  1.000000E-35  1.00E-35
   1.146250E+07  1.000000E-35  1.00E-35  1.000000E-35  1.00E-35  1.000000E-35  1.00E-35  1.000000E-35  1.00E-35
   1.148750E+07  1.000000E-35  1.00E-35  1.000000E-35  1.00E-35  1.000000E-35  1.00E-35  1.000000E-35  1.00E-35
   1.151250E+07  1.000000E-35  1.00E-35  1.000000E-35  1.00E-35  1.000000E-35  1.00E-35  1.000000E-35  1.00E-35
   1.153750E+07  1.000000E-35  1.00E-35  1.000000E-35  1.00E-35  1.000000E-35  1.00E-35  1.000000E-35  1.00E-35
   1.156250E+07  1.000000E-35  1.00E-35  1.000000E-35  1.00E-35  1.000000E-35  1.00E-35  1.000000E-35  1.00E-35
   1.158750E+07  1.000000E-35  1.00E-35  1.000000E-35  1.00E-35  1.000000E-35  1.00E-35  1.000000E-35  1.00E-35
   1.161250E+07  1.000000E-35  1.00E-35  1.000000E-35  1.00E-35  1.000000E-35  1.00E-35  1.000000E-35  1.00E-35
   1.163750E+07  1.000000E-35  1.00E-35  1.000000E-35  1.00E-35  1.000000E-35  1.00E-35  1.000000E-35  1.00E-35
   1.166250E+07  1.000000E-35  1.00E-35  1.000000E-35  1.00E-35  1.000000E-35  1.00E-35  1.000000E-35  1.00E-35
   1.168750E+07  1.000000E-35  1.00E-35  1.000000E-35  1.00E-35  1.000000E-35  1.00E-35  1.000000E-35  1.00E-35
   1.171250E+07  1.000000E-35  1.00E-35  1.000000E-35  1.00E-35  1.000000E-35  1.00E-35  1.000000E-35  1.00E-35
   1.173750E+07  1.000000E-35  1.00E-35  1.000000E-35  1.00E-35  1.000000E-35  1.00E-35  1.000000E-35  1.00E-35
   1.176250E+07  1.000000E-35  1.00E-35  1.000000E-35  1.00E-35  1.000000E-35  1.00E-35  1.000000E-35  1.00E-35
   1.178750E+07  1.000000E-35  1.00E-35  1.000000E-35  1.00E-35  1.000000E-35  1.00E-35  1.000000E-35  1.00E-35
   1.181250E+07  1.000000E-35  1.00E-35  1.000000E-35  1.00E-35  1.000000E-35  1.00E-35  1.000000E-35  1.00E-35
   1.183750E+07  1.000000E-35  1.00E-35  1.000000E-35  1.00E-35  1.000000E-35  1.00E-35  1.000000E-35  1.00E-35
   1.186250E+07  1.000000E-35  1.00E-35  1.000000E-35  1.00E-35  1.000000E-35  1.00E-35  1.000000E-35  1.00E-35
   1.188750E+07  1.000000E-35  1.00E-35  1.000000E-35  1.00E-35  1.000000E-35  1.00E-35  1.000000E-35  1.00E-35
   1.191250E+07  1.000000E-35  1.00E-35  1.000000E-35  1.00E-35  1.000000E-35  1.00E-35  1.000000E-35  1.00E-35
   1.193750E+07  1.000000E-35  1.00E-35  1.000000E-35  1.00E-35  1.000000E-35  1.00E-35  1.000000E-35  1.00E-35
   1.196250E+07  1.000000E-35  1.00E-35  1.000000E-35  1.00E-35  1.000000E-35  1.00E-35  1.000000E-35  1.00E-35
   1.198750E+07  1.000000E-35  1.00E-35  1.000000E-35  1.00E-35  1.000000E-35  1.00E-35  1.000000E-35  1.00E-35
