 #  Results from PENMAIN. Output from energy-deposition detector #  1
 #  Deposited energy spectrum.
 #  WARNING: May be strongly biased if interaction forcing is used!
 #  1st column: deposited energy (eV).
 #  2nd column: probability density (1/(eV*particle)).
 #  3rd column: statistical uncertainty (3 sigma).

   2.000000E+02  6.042500E-06  3.682766E-07
   6.000000E+02  7.970000E-06  4.227923E-07
   1.000000E+03  7.662500E-06  4.145815E-07
   1.400000E+03  7.552500E-06  4.116040E-07
   1.800000E+03  7.127500E-06  3.998894E-07
   2.200000E+03  7.135000E-06  4.000991E-07
   2.600000E+03  6.877500E-06  3.928334E-07
   3.000000E+03  7.327500E-06  4.054448E-07
   3.400000E+03  6.875000E-06  3.927622E-07
   3.800000E+03  7.027500E-06  3.970822E-07
   4.200000E+03  6.810000E-06  3.909061E-07
   4.600000E+03  6.720000E-06  3.883215E-07
   5.000000E+03  6.645000E-06  3.861542E-07
   5.400000E+03  6.207500E-06  3.732586E-07
   5.800000E+03  6.370000E-06  3.781003E-07
   6.200000E+03  6.257500E-06  3.747550E-07
   6.600000E+03  6.192500E-06  3.728084E-07
   7.000000E+03  5.930000E-06  3.648404E-07
   7.400000E+03  5.877500E-06  3.632256E-07
   7.800000E+03  5.702500E-06  3.577899E-07
   8.200000E+03  5.850000E-06  3.623769E-07
   8.600000E+03  5.810000E-06  3.611387E-07
   9.000000E+03  5.665000E-06  3.566142E-07
   9.400000E+03  5.480000E-06  3.507559E-07
   9.800000E+03  5.340000E-06  3.462562E-07
   1.020000E+04  5.122500E-06  3.391461E-07
   1.060000E+04  5.025000E-06  3.359096E-07
   1.100000E+04  5.160000E-06  3.403827E-07
   1.140000E+04  4.910000E-06  3.320512E-07
   1.180000E+04  5.207500E-06  3.419425E-07
   1.220000E+04  5.232500E-06  3.427606E-07
   1.260000E+04  5.165000E-06  3.405472E-07
   1.300000E+04  4.867500E-06  3.306138E-07
   1.340000E+04  4.775000E-06  3.274634E-07
   1.380000E+04  4.875000E-06  3.308680E-07
   1.420000E+04  4.855000E-06  3.301899E-07
   1.460000E+04  4.602500E-06  3.215052E-07
   1.500000E+04  4.777500E-06  3.275490E-07
   1.540000E+04  4.745000E-06  3.264351E-07
   1.580000E+04  4.785000E-06  3.278055E-07
   1.620000E+04  4.775000E-06  3.274634E-07
   1.660000E+04  4.910000E-06  3.320512E-07
   1.700000E+04  4.825000E-06  3.291701E-07
   1.740000E+04  5.085000E-06  3.379050E-07
   1.780000E+04  4.857500E-06  3.302747E-07
   1.820000E+04  5.110000E-06  3.387329E-07
   1.860000E+04  4.972500E-06  3.341537E-07
   1.900000E+04  4.942500E-06  3.331462E-07
   1.940000E+04  5.365000E-06  3.470640E-07
   1.980000E+04  5.355000E-06  3.467411E-07
   2.020000E+04  5.225000E-06  3.425154E-07
   2.060000E+04  5.570000E-06  3.536181E-07
   2.100000E+04  5.557500E-06  3.532220E-07
   2.140000E+04  6.000000E-06  3.669823E-07
   2.180000E+04  5.827500E-06  3.616810E-07
   2.220000E+04  5.805000E-06  3.609837E-07
   2.260000E+04  6.000000E-06  3.669823E-07
   2.300000E+04  5.962500E-06  3.658364E-07
   2.340000E+04  6.267500E-06  3.750536E-07
   2.380000E+04  6.305000E-06  3.761711E-07
   2.420000E+04  6.487500E-06  3.815625E-07
   2.460000E+04  6.367500E-06  3.780262E-07
   2.500000E+04  6.580000E-06  3.842660E-07
   2.540000E+04  6.655000E-06  3.864439E-07
   2.580000E+04  6.697500E-06  3.876726E-07
   2.620000E+04  6.917500E-06  3.939709E-07
   2.660000E+04  7.062500E-06  3.980670E-07
   2.700000E+04  6.955000E-06  3.950344E-07
   2.740000E+04  6.862500E-06  3.924059E-07
   2.780000E+04  5.985000E-06  3.665244E-07
   2.820000E+04  4.242500E-06  3.086977E-07
   2.860000E+04  2.852500E-06  2.531956E-07
   2.900000E+04  2.062500E-06  2.153322E-07
   2.940000E+04  1.750000E-06  1.983619E-07
   2.980000E+04  1.525000E-06  1.851798E-07
   3.020000E+04  1.340000E-06  1.735910E-07
   3.060000E+04  1.225000E-06  1.659789E-07
   3.100000E+04  1.107500E-06  1.578218E-07
   3.140000E+04  9.300000E-07  1.446279E-07
   3.180000E+04  1.010000E-06  1.507177E-07
   3.220000E+04  7.400000E-07  1.290158E-07
   3.260000E+04  8.925000E-07  1.416830E-07
   3.300000E+04  7.900000E-07  1.333018E-07
   3.340000E+04  7.050000E-07  1.259287E-07
   3.380000E+04  6.600000E-07  1.218445E-07
   3.420000E+04  6.800000E-07  1.236763E-07
   3.460000E+04  5.625000E-07  1.124873E-07
   3.500000E+04  5.750000E-07  1.137301E-07
   3.540000E+04  5.725000E-07  1.134826E-07
   3.580000E+04  5.225000E-07  1.084149E-07
   3.620000E+04  5.150000E-07  1.076342E-07
   3.660000E+04  4.700000E-07  1.028252E-07
   3.700000E+04  4.600000E-07  1.017256E-07
   3.740000E+04  4.550000E-07  1.011713E-07
   3.780000E+04  4.125000E-07  9.633130E-08
   3.820000E+04  4.225000E-07  9.749176E-08
   3.860000E+04  4.525000E-07  1.008930E-07
   3.900000E+04  3.975000E-07  9.456388E-08
   3.940000E+04  3.200000E-07  8.484738E-08
   3.980000E+04  3.475000E-07  8.841755E-08
   4.020000E+04  3.050000E-07  8.283515E-08
   4.060000E+04  3.300000E-07  8.616275E-08
   4.100000E+04  2.675000E-07  7.757645E-08
   4.140000E+04  2.550000E-07  7.574242E-08
   4.180000E+04  2.600000E-07  7.648132E-08
   4.220000E+04  2.475000E-07  7.462036E-08
   4.260000E+04  2.225000E-07  7.075171E-08
   4.300000E+04  1.850000E-07  6.451505E-08
   4.340000E+04  1.350000E-07  5.511203E-08
   4.380000E+04  1.325000E-07  5.459938E-08
   4.420000E+04  1.000000E-07  4.743322E-08
   4.460000E+04  9.750000E-08  4.683657E-08
   4.500000E+04  1.025000E-07  4.802245E-08
   4.540000E+04  6.500000E-08  3.824215E-08
   4.580000E+04  6.250000E-08  3.749953E-08
   4.620000E+04  5.500000E-08  3.517773E-08
   4.660000E+04  5.000000E-08  3.354068E-08
   4.700000E+04  5.250000E-08  3.436896E-08
   4.740000E+04  4.750000E-08  3.269143E-08
   4.780000E+04  6.000000E-08  3.674191E-08
   4.820000E+04  3.500000E-08  2.806223E-08
   4.860000E+04  4.250000E-08  3.092303E-08
   4.900000E+04  5.000000E-08  3.354068E-08
   4.940000E+04  3.500000E-08  2.806223E-08
   4.980000E+04  2.000000E-08  2.121312E-08
   5.020000E+04  1.750000E-08  1.984307E-08
   5.060000E+04  1.250000E-08  1.677047E-08
   5.100000E+04  1.500000E-08  1.837112E-08
   5.140000E+04  2.000000E-08  2.121312E-08
   5.180000E+04  7.500000E-09  1.299036E-08
   5.220000E+04  7.500000E-09  1.299036E-08
   5.260000E+04  1.000000E-08  1.499997E-08
   5.300000E+04  1.000000E-08  1.499997E-08
   5.340000E+04  5.000000E-09  1.060659E-08
   5.380000E+04  5.000000E-09  1.060659E-08
   5.420000E+04  7.500000E-09  1.299036E-08
   5.460000E+04  2.500000E-09  7.499996E-09
   5.500000E+04  5.000000E-09  1.060659E-08
   5.540000E+04  5.000000E-09  1.060659E-08
   5.580000E+04  2.500000E-09  7.499996E-09
   5.620000E+04  1.000000E-08  1.499997E-08
   5.660000E+04  1.000000E-35  1.000000E-35
   5.700000E+04  2.500000E-09  7.499996E-09
   5.740000E+04  1.000000E-35  1.000000E-35
   5.780000E+04  2.500000E-09  7.499996E-09
   5.820000E+04  1.000000E-35  1.000000E-35
   5.860000E+04  2.500000E-09  7.499996E-09
   5.900000E+04  1.000000E-35  1.000000E-35
   5.940000E+04  1.000000E-35  1.000000E-35
   5.980000E+04  1.000000E-35  1.000000E-35
   6.020000E+04  1.000000E-35  1.000000E-35
   6.060000E+04  1.000000E-35  1.000000E-35
   6.100000E+04  1.000000E-35  1.000000E-35
   6.140000E+04  1.000000E-35  1.000000E-35
   6.180000E+04  1.000000E-35  1.000000E-35
   6.220000E+04  1.000000E-35  1.000000E-35
   6.260000E+04  1.000000E-35  1.000000E-35
   6.300000E+04  1.000000E-35  1.000000E-35
   6.340000E+04  1.000000E-35  1.000000E-35
   6.380000E+04  2.500000E-09  7.499996E-09
   6.420000E+04  1.000000E-35  1.000000E-35
   6.460000E+04  1.000000E-35  1.000000E-35
   6.500000E+04  1.000000E-35  1.000000E-35
   6.540000E+04  1.000000E-35  1.000000E-35
   6.580000E+04  1.000000E-35  1.000000E-35
   6.620000E+04  1.000000E-35  1.000000E-35
   6.660000E+04  1.000000E-35  1.000000E-35
   6.700000E+04  1.000000E-35  1.000000E-35
   6.740000E+04  1.000000E-35  1.000000E-35
   6.780000E+04  1.000000E-35  1.000000E-35
   6.820000E+04  1.000000E-35  1.000000E-35
   6.860000E+04  1.000000E-35  1.000000E-35
   6.900000E+04  1.000000E-35  1.000000E-35
   6.940000E+04  1.000000E-35  1.000000E-35
   6.980000E+04  1.000000E-35  1.000000E-35
   7.020000E+04  1.000000E-35  1.000000E-35
   7.060000E+04  1.000000E-35  1.000000E-35
   7.100000E+04  1.000000E-35  1.000000E-35
   7.140000E+04  1.000000E-35  1.000000E-35
   7.180000E+04  1.000000E-35  1.000000E-35
   7.220000E+04  1.000000E-35  1.000000E-35
   7.260000E+04  1.000000E-35  1.000000E-35
   7.300000E+04  1.000000E-35  1.000000E-35
   7.340000E+04  1.000000E-35  1.000000E-35
   7.380000E+04  1.000000E-35  1.000000E-35
   7.420000E+04  1.000000E-35  1.000000E-35
   7.460000E+04  1.000000E-35  1.000000E-35
   7.500000E+04  1.000000E-35  1.000000E-35
   7.540000E+04  1.000000E-35  1.000000E-35
   7.580000E+04  1.000000E-35  1.000000E-35
   7.620000E+04  1.000000E-35  1.000000E-35
   7.660000E+04  1.000000E-35  1.000000E-35
   7.700000E+04  1.000000E-35  1.000000E-35
   7.740000E+04  1.000000E-35  1.000000E-35
   7.780000E+04  1.000000E-35  1.000000E-35
   7.820000E+04  1.000000E-35  1.000000E-35
   7.860000E+04  1.000000E-35  1.000000E-35
   7.900000E+04  1.000000E-35  1.000000E-35
   7.940000E+04  1.000000E-35  1.000000E-35
   7.980000E+04  1.000000E-35  1.000000E-35
   8.020000E+04  1.000000E-35  1.000000E-35
   8.060000E+04  1.000000E-35  1.000000E-35
   8.100000E+04  1.000000E-35  1.000000E-35
   8.140000E+04  1.000000E-35  1.000000E-35
   8.180000E+04  1.000000E-35  1.000000E-35
   8.220000E+04  1.000000E-35  1.000000E-35
   8.260000E+04  1.000000E-35  1.000000E-35
   8.300000E+04  1.000000E-35  1.000000E-35
   8.340000E+04  1.000000E-35  1.000000E-35
   8.380000E+04  1.000000E-35  1.000000E-35
   8.420000E+04  1.000000E-35  1.000000E-35
   8.460000E+04  1.000000E-35  1.000000E-35
   8.500000E+04  1.000000E-35  1.000000E-35
   8.540000E+04  1.000000E-35  1.000000E-35
   8.580000E+04  1.000000E-35  1.000000E-35
   8.620000E+04  1.000000E-35  1.000000E-35
   8.660000E+04  1.000000E-35  1.000000E-35
   8.700000E+04  1.000000E-35  1.000000E-35
   8.740000E+04  1.000000E-35  1.000000E-35
   8.780000E+04  1.000000E-35  1.000000E-35
   8.820000E+04  1.000000E-35  1.000000E-35
   8.860000E+04  1.000000E-35  1.000000E-35
   8.900000E+04  1.000000E-35  1.000000E-35
   8.940000E+04  1.000000E-35  1.000000E-35
   8.980000E+04  1.000000E-35  1.000000E-35
   9.020000E+04  1.000000E-35  1.000000E-35
   9.060000E+04  1.000000E-35  1.000000E-35
   9.100000E+04  1.000000E-35  1.000000E-35
   9.140000E+04  1.000000E-35  1.000000E-35
   9.180000E+04  1.000000E-35  1.000000E-35
   9.220000E+04  1.000000E-35  1.000000E-35
   9.260000E+04  1.000000E-35  1.000000E-35
   9.300000E+04  1.000000E-35  1.000000E-35
   9.340000E+04  1.000000E-35  1.000000E-35
   9.380000E+04  1.000000E-35  1.000000E-35
   9.420000E+04  1.000000E-35  1.000000E-35
   9.460000E+04  1.000000E-35  1.000000E-35
   9.500000E+04  1.000000E-35  1.000000E-35
   9.540000E+04  1.000000E-35  1.000000E-35
   9.580000E+04  1.000000E-35  1.000000E-35
   9.620000E+04  1.000000E-35  1.000000E-35
   9.660000E+04  1.000000E-35  1.000000E-35
   9.700000E+04  1.000000E-35  1.000000E-35
   9.740000E+04  2.750000E-08  2.487455E-08
   9.780000E+04  1.000000E-35  1.000000E-35
   9.820000E+04  1.000000E-35  1.000000E-35
   9.860000E+04  1.000000E-35  1.000000E-35
   9.900000E+04  1.000000E-35  1.000000E-35
   9.940000E+04  1.000000E-35  1.000000E-35
   9.980000E+04  1.024125E-04  1.486569E-06
   1.002000E+05  1.000000E-35  1.000000E-35
   1.006000E+05  1.000000E-35  1.000000E-35
   1.010000E+05  1.000000E-35  1.000000E-35
   1.014000E+05  1.000000E-35  1.000000E-35
   1.018000E+05  1.000000E-35  1.000000E-35
   1.022000E+05  1.000000E-35  1.000000E-35
   1.026000E+05  1.000000E-35  1.000000E-35
   1.030000E+05  1.000000E-35  1.000000E-35
   1.034000E+05  1.000000E-35  1.000000E-35
   1.038000E+05  1.000000E-35  1.000000E-35
   1.042000E+05  1.000000E-35  1.000000E-35
   1.046000E+05  1.000000E-35  1.000000E-35
   1.050000E+05  1.000000E-35  1.000000E-35
   1.054000E+05  1.000000E-35  1.000000E-35
   1.058000E+05  1.000000E-35  1.000000E-35
   1.062000E+05  1.000000E-35  1.000000E-35
   1.066000E+05  1.000000E-35  1.000000E-35
   1.070000E+05  1.000000E-35  1.000000E-35
   1.074000E+05  1.000000E-35  1.000000E-35
   1.078000E+05  1.000000E-35  1.000000E-35
   1.082000E+05  1.000000E-35  1.000000E-35
   1.086000E+05  1.000000E-35  1.000000E-35
   1.090000E+05  1.000000E-35  1.000000E-35
   1.094000E+05  1.000000E-35  1.000000E-35
   1.098000E+05  1.000000E-35  1.000000E-35
   1.102000E+05  1.000000E-35  1.000000E-35
   1.106000E+05  1.000000E-35  1.000000E-35
   1.110000E+05  1.000000E-35  1.000000E-35
   1.114000E+05  1.000000E-35  1.000000E-35
   1.118000E+05  1.000000E-35  1.000000E-35
   1.122000E+05  1.000000E-35  1.000000E-35
   1.126000E+05  1.000000E-35  1.000000E-35
   1.130000E+05  1.000000E-35  1.000000E-35
   1.134000E+05  1.000000E-35  1.000000E-35
   1.138000E+05  1.000000E-35  1.000000E-35
   1.142000E+05  1.000000E-35  1.000000E-35
   1.146000E+05  1.000000E-35  1.000000E-35
   1.150000E+05  1.000000E-35  1.000000E-35
   1.154000E+05  1.000000E-35  1.000000E-35
   1.158000E+05  1.000000E-35  1.000000E-35
   1.162000E+05  1.000000E-35  1.000000E-35
   1.166000E+05  1.000000E-35  1.000000E-35
   1.170000E+05  1.000000E-35  1.000000E-35
   1.174000E+05  1.000000E-35  1.000000E-35
   1.178000E+05  1.000000E-35  1.000000E-35
   1.182000E+05  1.000000E-35  1.000000E-35
   1.186000E+05  1.000000E-35  1.000000E-35
   1.190000E+05  1.000000E-35  1.000000E-35
   1.194000E+05  1.000000E-35  1.000000E-35
   1.198000E+05  1.000000E-35  1.000000E-35
