 #  Results from PENMAIN. Output from energy-deposition detector #  1
 #  Deposited energy spectrum.
 #  WARNING: May be strongly biased if interaction forcing is used!
 #  1st column: deposited energy (eV).
 #  2nd column: probability density (1/(eV*particle)).
 #  3rd column: statistical uncertainty (3 sigma).

   1.666667E+02  9.318000E-06  5.008039E-07
   5.000000E+02  1.272300E-05  5.848625E-07
   8.333333E+02  1.205100E-05  5.692714E-07
   1.166667E+03  1.151700E-05  5.565656E-07
   1.500000E+03  1.113000E-05  5.471701E-07
   1.833333E+03  1.103400E-05  5.448140E-07
   2.166667E+03  1.045200E-05  5.303026E-07
   2.500000E+03  1.031700E-05  5.268786E-07
   2.833333E+03  1.018200E-05  5.234319E-07
   3.166667E+03  1.045200E-05  5.303026E-07
   3.500000E+03  1.035600E-05  5.278700E-07
   3.833333E+03  9.804000E-06  5.136564E-07
   4.166667E+03  9.690000E-06  5.106711E-07
   4.500000E+03  9.840000E-06  5.145955E-07
   4.833333E+03  9.117000E-06  4.953897E-07
   5.166667E+03  9.012000E-06  4.925374E-07
   5.500000E+03  8.892000E-06  4.892570E-07
   5.833333E+03  8.922000E-06  4.900792E-07
   6.166667E+03  8.508000E-06  4.786069E-07
   6.500000E+03  8.289000E-06  4.724242E-07
   6.833333E+03  8.331000E-06  4.736162E-07
   7.166667E+03  8.247000E-06  4.712291E-07
   7.500000E+03  7.983000E-06  4.636458E-07
   7.833333E+03  8.157000E-06  4.686578E-07
   8.166667E+03  7.920000E-06  4.618176E-07
   8.500000E+03  7.620000E-06  4.530093E-07
   8.833333E+03  7.809000E-06  4.585784E-07
   9.166667E+03  7.782000E-06  4.577870E-07
   9.500000E+03  7.320000E-06  4.440245E-07
   9.833333E+03  7.749000E-06  4.568179E-07
   1.016667E+04  8.301000E-06  4.727651E-07
   1.050000E+04  7.728000E-06  4.562001E-07
   1.083333E+04  7.902000E-06  4.612939E-07
   1.116667E+04  8.184000E-06  4.694307E-07
   1.150000E+04  8.133000E-06  4.679698E-07
   1.183333E+04  8.688000E-06  4.836286E-07
   1.216667E+04  8.484000E-06  4.779333E-07
   1.250000E+04  8.832000E-06  4.876084E-07
   1.283333E+04  9.270000E-06  4.995164E-07
   1.316667E+04  9.117000E-06  4.953897E-07
   1.350000E+04  9.246000E-06  4.988713E-07
   1.383333E+04  9.600000E-06  5.083016E-07
   1.416667E+04  9.861000E-06  5.151425E-07
   1.450000E+04  9.918000E-06  5.166243E-07
   1.483333E+04  1.019700E-05  5.238160E-07
   1.516667E+04  1.027800E-05  5.258852E-07
   1.550000E+04  1.044300E-05  5.300750E-07
   1.583333E+04  1.086900E-05  5.407400E-07
   1.616667E+04  1.067700E-05  5.359599E-07
   1.650000E+04  1.029900E-05  5.264203E-07
   1.683333E+04  8.697000E-06  4.838784E-07
   1.716667E+04  5.814000E-06  3.958204E-07
   1.750000E+04  3.849000E-06  3.221640E-07
   1.783333E+04  2.784000E-06  2.740406E-07
   1.816667E+04  2.610000E-06  2.653464E-07
   1.850000E+04  2.196000E-06  2.434103E-07
   1.883333E+04  1.821000E-06  2.216690E-07
   1.916667E+04  1.668000E-06  2.121579E-07
   1.950000E+04  1.686000E-06  2.132989E-07
   1.983333E+04  1.506000E-06  2.015976E-07
   2.016667E+04  1.395000E-06  1.940296E-07
   2.050000E+04  1.221000E-06  1.815312E-07
   2.083333E+04  1.023000E-06  1.661673E-07
   2.116667E+04  1.128000E-06  1.744837E-07
   2.150000E+04  8.820000E-07  1.542952E-07
   2.183333E+04  9.330000E-07  1.586920E-07
   2.216667E+04  8.010000E-07  1.470416E-07
   2.250000E+04  7.770000E-07  1.448225E-07
   2.283333E+04  6.780000E-07  1.352844E-07
   2.316667E+04  7.410000E-07  1.414286E-07
   2.350000E+04  6.930000E-07  1.367724E-07
   2.383333E+04  6.600000E-07  1.334769E-07
   2.416667E+04  6.360000E-07  1.310281E-07
   2.450000E+04  5.070000E-07  1.169901E-07
   2.483333E+04  5.490000E-07  1.217386E-07
   2.516667E+04  4.800000E-07  1.138329E-07
   2.550000E+04  4.710000E-07  1.127608E-07
   2.583333E+04  4.440000E-07  1.094816E-07
   2.616667E+04  3.630000E-07  9.899401E-08
   2.650000E+04  3.390000E-07  9.566591E-08
   2.683333E+04  3.150000E-07  9.221771E-08
   2.716667E+04  2.670000E-07  8.490205E-08
   2.750000E+04  1.980000E-07  7.311393E-08
   2.783333E+04  1.770000E-07  6.912827E-08
   2.816667E+04  1.500000E-07  6.363802E-08
   2.850000E+04  1.380000E-07  6.103957E-08
   2.883333E+04  1.230000E-07  5.762694E-08
   2.916667E+04  8.100000E-08  4.676474E-08
   2.950000E+04  9.900000E-08  5.170021E-08
   2.983333E+04  8.400000E-08  4.762286E-08
   3.016667E+04  8.100000E-08  4.676474E-08
   3.050000E+04  6.900000E-08  4.316199E-08
   3.083333E+04  7.500000E-08  4.499944E-08
   3.116667E+04  5.700000E-08  3.922972E-08
   3.150000E+04  3.900000E-08  3.244975E-08
   3.183333E+04  3.900000E-08  3.244975E-08
   3.216667E+04  2.400000E-08  2.545574E-08
   3.250000E+04  3.600000E-08  3.117673E-08
   3.283333E+04  9.000000E-09  1.558843E-08
   3.316667E+04  3.300000E-08  2.984946E-08
   3.350000E+04  6.000000E-09  1.272791E-08
   3.383333E+04  1.500000E-08  2.012456E-08
   3.416667E+04  6.000000E-09  1.272791E-08
   3.450000E+04  1.500000E-08  2.012456E-08
   3.483333E+04  6.000000E-09  1.272791E-08
   3.516667E+04  6.000000E-09  1.272791E-08
   3.550000E+04  6.000000E-09  1.272791E-08
   3.583333E+04  1.200000E-08  1.799996E-08
   3.616667E+04  9.000000E-09  1.558843E-08
   3.650000E+04  9.000000E-09  1.558843E-08
   3.683333E+04  9.000000E-09  1.558843E-08
   3.716667E+04  1.000000E-35  1.000000E-35
   3.750000E+04  3.000000E-09  8.999995E-09
   3.783333E+04  3.000000E-09  8.999995E-09
   3.816667E+04  3.000000E-09  8.999995E-09
   3.850000E+04  1.000000E-35  1.000000E-35
   3.883333E+04  3.000000E-09  8.999995E-09
   3.916667E+04  1.000000E-35  1.000000E-35
   3.950000E+04  1.000000E-35  1.000000E-35
   3.983333E+04  1.000000E-35  1.000000E-35
   4.016667E+04  6.000000E-09  1.272791E-08
   4.050000E+04  3.000000E-09  8.999995E-09
   4.083333E+04  1.000000E-35  1.000000E-35
   4.116667E+04  1.000000E-35  1.000000E-35
   4.150000E+04  1.000000E-35  1.000000E-35
   4.183333E+04  1.000000E-35  1.000000E-35
   4.216667E+04  1.000000E-35  1.000000E-35
   4.250000E+04  1.000000E-35  1.000000E-35
   4.283333E+04  1.000000E-35  1.000000E-35
   4.316667E+04  1.000000E-35  1.000000E-35
   4.350000E+04  1.000000E-35  1.000000E-35
   4.383333E+04  1.000000E-35  1.000000E-35
   4.416667E+04  1.000000E-35  1.000000E-35
   4.450000E+04  1.000000E-35  1.000000E-35
   4.483333E+04  1.000000E-35  1.000000E-35
   4.516667E+04  1.000000E-35  1.000000E-35
   4.550000E+04  1.000000E-35  1.000000E-35
   4.583333E+04  1.000000E-35  1.000000E-35
   4.616667E+04  1.000000E-35  1.000000E-35
   4.650000E+04  1.000000E-35  1.000000E-35
   4.683333E+04  1.000000E-35  1.000000E-35
   4.716667E+04  1.000000E-35  1.000000E-35
   4.750000E+04  1.000000E-35  1.000000E-35
   4.783333E+04  1.000000E-35  1.000000E-35
   4.816667E+04  1.000000E-35  1.000000E-35
   4.850000E+04  1.000000E-35  1.000000E-35
   4.883333E+04  1.000000E-35  1.000000E-35
   4.916667E+04  1.000000E-35  1.000000E-35
   4.950000E+04  1.000000E-35  1.000000E-35
   4.983333E+04  1.000000E-35  1.000000E-35
   5.016667E+04  1.000000E-35  1.000000E-35
   5.050000E+04  1.000000E-35  1.000000E-35
   5.083333E+04  1.000000E-35  1.000000E-35
   5.116667E+04  1.000000E-35  1.000000E-35
   5.150000E+04  1.000000E-35  1.000000E-35
   5.183333E+04  1.000000E-35  1.000000E-35
   5.216667E+04  1.000000E-35  1.000000E-35
   5.250000E+04  1.000000E-35  1.000000E-35
   5.283333E+04  1.000000E-35  1.000000E-35
   5.316667E+04  1.000000E-35  1.000000E-35
   5.350000E+04  1.000000E-35  1.000000E-35
   5.383333E+04  1.000000E-35  1.000000E-35
   5.416667E+04  1.000000E-35  1.000000E-35
   5.450000E+04  1.000000E-35  1.000000E-35
   5.483333E+04  1.000000E-35  1.000000E-35
   5.516667E+04  1.000000E-35  1.000000E-35
   5.550000E+04  1.000000E-35  1.000000E-35
   5.583333E+04  1.000000E-35  1.000000E-35
   5.616667E+04  1.000000E-35  1.000000E-35
   5.650000E+04  1.000000E-35  1.000000E-35
   5.683333E+04  1.000000E-35  1.000000E-35
   5.716667E+04  1.000000E-35  1.000000E-35
   5.750000E+04  1.000000E-35  1.000000E-35
   5.783333E+04  1.000000E-35  1.000000E-35
   5.816667E+04  1.000000E-35  1.000000E-35
   5.850000E+04  1.000000E-35  1.000000E-35
   5.883333E+04  1.000000E-35  1.000000E-35
   5.916667E+04  1.000000E-35  1.000000E-35
   5.950000E+04  1.000000E-35  1.000000E-35
   5.983333E+04  1.000000E-35  1.000000E-35
   6.016667E+04  1.000000E-35  1.000000E-35
   6.050000E+04  1.000000E-35  1.000000E-35
   6.083333E+04  1.000000E-35  1.000000E-35
   6.116667E+04  1.000000E-35  1.000000E-35
   6.150000E+04  1.000000E-35  1.000000E-35
   6.183333E+04  1.000000E-35  1.000000E-35
   6.216667E+04  1.000000E-35  1.000000E-35
   6.250000E+04  1.000000E-35  1.000000E-35
   6.283333E+04  1.000000E-35  1.000000E-35
   6.316667E+04  1.000000E-35  1.000000E-35
   6.350000E+04  1.000000E-35  1.000000E-35
   6.383333E+04  1.000000E-35  1.000000E-35
   6.416667E+04  1.000000E-35  1.000000E-35
   6.450000E+04  1.000000E-35  1.000000E-35
   6.483333E+04  1.000000E-35  1.000000E-35
   6.516667E+04  1.000000E-35  1.000000E-35
   6.550000E+04  1.000000E-35  1.000000E-35
   6.583333E+04  1.000000E-35  1.000000E-35
   6.616667E+04  1.000000E-35  1.000000E-35
   6.650000E+04  1.000000E-35  1.000000E-35
   6.683333E+04  1.000000E-35  1.000000E-35
   6.716667E+04  1.000000E-35  1.000000E-35
   6.750000E+04  1.000000E-35  1.000000E-35
   6.783333E+04  1.000000E-35  1.000000E-35
   6.816667E+04  1.000000E-35  1.000000E-35
   6.850000E+04  1.000000E-35  1.000000E-35
   6.883333E+04  1.000000E-35  1.000000E-35
   6.916667E+04  1.000000E-35  1.000000E-35
   6.950000E+04  1.000000E-35  1.000000E-35
   6.983333E+04  1.000000E-35  1.000000E-35
   7.016667E+04  1.000000E-35  1.000000E-35
   7.050000E+04  1.000000E-35  1.000000E-35
   7.083333E+04  1.000000E-35  1.000000E-35
   7.116667E+04  1.000000E-35  1.000000E-35
   7.150000E+04  1.000000E-35  1.000000E-35
   7.183333E+04  1.000000E-35  1.000000E-35
   7.216667E+04  3.000000E-09  8.999995E-09
   7.250000E+04  6.900000E-08  4.316199E-08
   7.283333E+04  1.000000E-35  1.000000E-35
   7.316667E+04  1.000000E-35  1.000000E-35
   7.350000E+04  1.000000E-35  1.000000E-35
   7.383333E+04  1.000000E-35  1.000000E-35
   7.416667E+04  1.000000E-35  1.000000E-35
   7.450000E+04  1.000000E-35  1.000000E-35
   7.483333E+04  2.890110E-04  2.655476E-06
   7.516667E+04  1.000000E-35  1.000000E-35
   7.550000E+04  1.000000E-35  1.000000E-35
   7.583333E+04  1.000000E-35  1.000000E-35
   7.616667E+04  1.000000E-35  1.000000E-35
   7.650000E+04  1.000000E-35  1.000000E-35
   7.683333E+04  1.000000E-35  1.000000E-35
   7.716667E+04  1.000000E-35  1.000000E-35
   7.750000E+04  1.000000E-35  1.000000E-35
   7.783333E+04  1.000000E-35  1.000000E-35
   7.816667E+04  1.000000E-35  1.000000E-35
   7.850000E+04  1.000000E-35  1.000000E-35
   7.883333E+04  1.000000E-35  1.000000E-35
   7.916667E+04  1.000000E-35  1.000000E-35
   7.950000E+04  1.000000E-35  1.000000E-35
   7.983333E+04  1.000000E-35  1.000000E-35
   8.016667E+04  1.000000E-35  1.000000E-35
   8.050000E+04  1.000000E-35  1.000000E-35
   8.083333E+04  1.000000E-35  1.000000E-35
   8.116667E+04  1.000000E-35  1.000000E-35
   8.150000E+04  1.000000E-35  1.000000E-35
   8.183333E+04  1.000000E-35  1.000000E-35
   8.216667E+04  1.000000E-35  1.000000E-35
   8.250000E+04  1.000000E-35  1.000000E-35
   8.283333E+04  1.000000E-35  1.000000E-35
   8.316667E+04  1.000000E-35  1.000000E-35
   8.350000E+04  1.000000E-35  1.000000E-35
   8.383333E+04  1.000000E-35  1.000000E-35
   8.416667E+04  1.000000E-35  1.000000E-35
   8.450000E+04  1.000000E-35  1.000000E-35
   8.483333E+04  1.000000E-35  1.000000E-35
   8.516667E+04  1.000000E-35  1.000000E-35
   8.550000E+04  1.000000E-35  1.000000E-35
   8.583333E+04  1.000000E-35  1.000000E-35
   8.616667E+04  1.000000E-35  1.000000E-35
   8.650000E+04  1.000000E-35  1.000000E-35
   8.683333E+04  1.000000E-35  1.000000E-35
   8.716667E+04  1.000000E-35  1.000000E-35
   8.750000E+04  1.000000E-35  1.000000E-35
   8.783333E+04  1.000000E-35  1.000000E-35
   8.816667E+04  1.000000E-35  1.000000E-35
   8.850000E+04  1.000000E-35  1.000000E-35
   8.883333E+04  1.000000E-35  1.000000E-35
   8.916667E+04  1.000000E-35  1.000000E-35
   8.950000E+04  1.000000E-35  1.000000E-35
   8.983333E+04  1.000000E-35  1.000000E-35
   9.016667E+04  1.000000E-35  1.000000E-35
   9.050000E+04  1.000000E-35  1.000000E-35
   9.083333E+04  1.000000E-35  1.000000E-35
   9.116667E+04  1.000000E-35  1.000000E-35
   9.150000E+04  1.000000E-35  1.000000E-35
   9.183333E+04  1.000000E-35  1.000000E-35
   9.216667E+04  1.000000E-35  1.000000E-35
   9.250000E+04  1.000000E-35  1.000000E-35
   9.283333E+04  1.000000E-35  1.000000E-35
   9.316667E+04  1.000000E-35  1.000000E-35
   9.350000E+04  1.000000E-35  1.000000E-35
   9.383333E+04  1.000000E-35  1.000000E-35
   9.416667E+04  1.000000E-35  1.000000E-35
   9.450000E+04  1.000000E-35  1.000000E-35
   9.483333E+04  1.000000E-35  1.000000E-35
   9.516667E+04  1.000000E-35  1.000000E-35
   9.550000E+04  1.000000E-35  1.000000E-35
   9.583333E+04  1.000000E-35  1.000000E-35
   9.616667E+04  1.000000E-35  1.000000E-35
   9.650000E+04  1.000000E-35  1.000000E-35
   9.683333E+04  1.000000E-35  1.000000E-35
   9.716667E+04  1.000000E-35  1.000000E-35
   9.750000E+04  1.000000E-35  1.000000E-35
   9.783333E+04  1.000000E-35  1.000000E-35
   9.816667E+04  1.000000E-35  1.000000E-35
   9.850000E+04  1.000000E-35  1.000000E-35
   9.883333E+04  1.000000E-35  1.000000E-35
   9.916667E+04  1.000000E-35  1.000000E-35
   9.950000E+04  1.000000E-35  1.000000E-35
   9.983333E+04  1.000000E-35  1.000000E-35
