 #  Results from PENMAIN. Output from energy-deposition detector #  1
 #  Deposited energy spectrum.
 #  WARNING: May be strongly biased if interaction forcing is used!
 #  1st column: deposited energy (eV).
 #  2nd column: probability density (1/(eV*particle)).
 #  3rd column: statistical uncertainty (3 sigma).

   2.000000E+01  2.500000E-08  7.499996E-08
   6.000000E+01  2.500000E-08  7.499996E-08
   1.000000E+02  1.500000E-07  1.837112E-07
   1.400000E+02  1.500000E-07  1.837112E-07
   1.800000E+02  7.250000E-07  4.038815E-07
   2.200000E+02  1.700000E-06  6.184448E-07
   2.600000E+02  2.425000E-06  7.386285E-07
   3.000000E+02  2.525000E-06  7.537026E-07
   3.400000E+02  3.100000E-06  8.351129E-07
   3.800000E+02  2.200000E-06  7.035314E-07
   4.200000E+02  1.600000E-06  5.999808E-07
   4.600000E+02  8.000000E-07  4.242573E-07
   5.000000E+02  4.750000E-07  3.269143E-07
   5.400000E+02  4.250000E-07  3.092303E-07
   5.800000E+02  2.250000E-07  2.249990E-07
   6.200000E+02  3.000000E-07  2.598061E-07
   6.600000E+02  1.500000E-07  1.837112E-07
   7.000000E+02  1.250000E-07  1.677047E-07
   7.400000E+02  7.500000E-08  1.299036E-07
   7.800000E+02  1.500000E-07  1.837112E-07
   8.200000E+02  1.750000E-07  1.984307E-07
   8.600000E+02  1.750000E-07  1.984307E-07
   9.000000E+02  7.500000E-08  1.299036E-07
   9.400000E+02  1.250000E-07  1.677047E-07
   9.800000E+02  1.250000E-07  1.677047E-07
   1.020000E+03  1.000000E-35  1.000000E-35
   1.060000E+03  2.500000E-08  7.499996E-08
   1.100000E+03  5.000000E-08  1.060659E-07
   1.140000E+03  1.000000E-35  1.000000E-35
   1.180000E+03  2.500000E-08  7.499996E-08
   1.220000E+03  1.000000E-35  1.000000E-35
   1.260000E+03  2.500000E-08  7.499996E-08
   1.300000E+03  1.000000E-35  1.000000E-35
   1.340000E+03  1.000000E-35  1.000000E-35
   1.380000E+03  1.000000E-35  1.000000E-35
   1.420000E+03  1.000000E-35  1.000000E-35
   1.460000E+03  5.000000E-08  1.060659E-07
   1.500000E+03  1.000000E-35  1.000000E-35
   1.540000E+03  1.000000E-35  1.000000E-35
   1.580000E+03  1.000000E-35  1.000000E-35
   1.620000E+03  1.000000E-35  1.000000E-35
   1.660000E+03  1.000000E-35  1.000000E-35
   1.700000E+03  1.000000E-35  1.000000E-35
   1.740000E+03  1.000000E-35  1.000000E-35
   1.780000E+03  1.000000E-35  1.000000E-35
   1.820000E+03  1.000000E-35  1.000000E-35
   1.860000E+03  1.000000E-35  1.000000E-35
   1.900000E+03  1.000000E-35  1.000000E-35
   1.940000E+03  1.000000E-35  1.000000E-35
   1.980000E+03  1.000000E-35  1.000000E-35
   2.020000E+03  1.000000E-35  1.000000E-35
   2.060000E+03  1.000000E-35  1.000000E-35
   2.100000E+03  1.000000E-35  1.000000E-35
   2.140000E+03  1.000000E-35  1.000000E-35
   2.180000E+03  1.000000E-35  1.000000E-35
   2.220000E+03  1.000000E-35  1.000000E-35
   2.260000E+03  1.000000E-35  1.000000E-35
   2.300000E+03  1.000000E-35  1.000000E-35
   2.340000E+03  1.000000E-35  1.000000E-35
   2.380000E+03  1.000000E-35  1.000000E-35
   2.420000E+03  1.000000E-35  1.000000E-35
   2.460000E+03  1.000000E-35  1.000000E-35
   2.500000E+03  1.000000E-35  1.000000E-35
   2.540000E+03  1.000000E-35  1.000000E-35
   2.580000E+03  1.000000E-35  1.000000E-35
   2.620000E+03  1.000000E-35  1.000000E-35
   2.660000E+03  1.000000E-35  1.000000E-35
   2.700000E+03  1.000000E-35  1.000000E-35
   2.740000E+03  1.000000E-35  1.000000E-35
   2.780000E+03  1.000000E-35  1.000000E-35
   2.820000E+03  1.000000E-35  1.000000E-35
   2.860000E+03  1.000000E-35  1.000000E-35
   2.900000E+03  1.000000E-35  1.000000E-35
   2.940000E+03  1.000000E-35  1.000000E-35
   2.980000E+03  1.000000E-35  1.000000E-35
   3.020000E+03  1.000000E-35  1.000000E-35
   3.060000E+03  1.000000E-35  1.000000E-35
   3.100000E+03  1.000000E-35  1.000000E-35
   3.140000E+03  1.000000E-35  1.000000E-35
   3.180000E+03  1.000000E-35  1.000000E-35
   3.220000E+03  1.000000E-35  1.000000E-35
   3.260000E+03  1.000000E-35  1.000000E-35
   3.300000E+03  1.000000E-35  1.000000E-35
   3.340000E+03  1.000000E-35  1.000000E-35
   3.380000E+03  1.000000E-35  1.000000E-35
   3.420000E+03  1.000000E-35  1.000000E-35
   3.460000E+03  1.000000E-35  1.000000E-35
   3.500000E+03  1.000000E-35  1.000000E-35
   3.540000E+03  1.000000E-35  1.000000E-35
   3.580000E+03  1.000000E-35  1.000000E-35
   3.620000E+03  1.000000E-35  1.000000E-35
   3.660000E+03  1.000000E-35  1.000000E-35
   3.700000E+03  1.000000E-35  1.000000E-35
   3.740000E+03  1.000000E-35  1.000000E-35
   3.780000E+03  1.000000E-35  1.000000E-35
   3.820000E+03  1.000000E-35  1.000000E-35
   3.860000E+03  1.000000E-35  1.000000E-35
   3.900000E+03  1.000000E-35  1.000000E-35
   3.940000E+03  1.000000E-35  1.000000E-35
   3.980000E+03  1.000000E-35  1.000000E-35
   4.020000E+03  1.000000E-35  1.000000E-35
   4.060000E+03  1.000000E-35  1.000000E-35
   4.100000E+03  1.000000E-35  1.000000E-35
   4.140000E+03  1.000000E-35  1.000000E-35
   4.180000E+03  1.000000E-35  1.000000E-35
   4.220000E+03  1.000000E-35  1.000000E-35
   4.260000E+03  1.000000E-35  1.000000E-35
   4.300000E+03  1.000000E-35  1.000000E-35
   4.340000E+03  1.000000E-35  1.000000E-35
   4.380000E+03  1.000000E-35  1.000000E-35
   4.420000E+03  1.000000E-35  1.000000E-35
   4.460000E+03  1.000000E-35  1.000000E-35
   4.500000E+03  1.000000E-35  1.000000E-35
   4.540000E+03  1.000000E-35  1.000000E-35
   4.580000E+03  1.000000E-35  1.000000E-35
   4.620000E+03  1.000000E-35  1.000000E-35
   4.660000E+03  1.000000E-35  1.000000E-35
   4.700000E+03  1.000000E-35  1.000000E-35
   4.740000E+03  1.000000E-35  1.000000E-35
   4.780000E+03  1.000000E-35  1.000000E-35
   4.820000E+03  1.000000E-35  1.000000E-35
   4.860000E+03  1.000000E-35  1.000000E-35
   4.900000E+03  1.000000E-35  1.000000E-35
   4.940000E+03  1.000000E-35  1.000000E-35
   4.980000E+03  1.000000E-35  1.000000E-35
   5.020000E+03  1.000000E-35  1.000000E-35
   5.060000E+03  1.000000E-35  1.000000E-35
   5.100000E+03  1.000000E-35  1.000000E-35
   5.140000E+03  1.000000E-35  1.000000E-35
   5.180000E+03  1.000000E-35  1.000000E-35
   5.220000E+03  1.000000E-35  1.000000E-35
   5.260000E+03  1.000000E-35  1.000000E-35
   5.300000E+03  1.000000E-35  1.000000E-35
   5.340000E+03  1.000000E-35  1.000000E-35
   5.380000E+03  1.000000E-35  1.000000E-35
   5.420000E+03  1.000000E-35  1.000000E-35
   5.460000E+03  1.000000E-35  1.000000E-35
   5.500000E+03  1.000000E-35  1.000000E-35
   5.540000E+03  1.000000E-35  1.000000E-35
   5.580000E+03  1.000000E-35  1.000000E-35
   5.620000E+03  1.000000E-35  1.000000E-35
   5.660000E+03  1.000000E-35  1.000000E-35
   5.700000E+03  1.000000E-35  1.000000E-35
   5.740000E+03  1.000000E-35  1.000000E-35
   5.780000E+03  1.000000E-35  1.000000E-35
   5.820000E+03  1.000000E-35  1.000000E-35
   5.860000E+03  1.000000E-35  1.000000E-35
   5.900000E+03  1.000000E-35  1.000000E-35
   5.940000E+03  1.000000E-35  1.000000E-35
   5.980000E+03  1.000000E-35  1.000000E-35
   6.020000E+03  1.000000E-35  1.000000E-35
   6.060000E+03  1.000000E-35  1.000000E-35
   6.100000E+03  1.000000E-35  1.000000E-35
   6.140000E+03  1.000000E-35  1.000000E-35
   6.180000E+03  1.000000E-35  1.000000E-35
   6.220000E+03  1.000000E-35  1.000000E-35
   6.260000E+03  1.000000E-35  1.000000E-35
   6.300000E+03  1.000000E-35  1.000000E-35
   6.340000E+03  1.000000E-35  1.000000E-35
   6.380000E+03  1.000000E-35  1.000000E-35
   6.420000E+03  1.000000E-35  1.000000E-35
   6.460000E+03  1.000000E-35  1.000000E-35
   6.500000E+03  1.000000E-35  1.000000E-35
   6.540000E+03  1.000000E-35  1.000000E-35
   6.580000E+03  1.000000E-35  1.000000E-35
   6.620000E+03  1.000000E-35  1.000000E-35
   6.660000E+03  1.000000E-35  1.000000E-35
   6.700000E+03  1.000000E-35  1.000000E-35
   6.740000E+03  1.000000E-35  1.000000E-35
   6.780000E+03  1.000000E-35  1.000000E-35
   6.820000E+03  1.000000E-35  1.000000E-35
   6.860000E+03  1.000000E-35  1.000000E-35
   6.900000E+03  1.000000E-35  1.000000E-35
   6.940000E+03  1.000000E-35  1.000000E-35
   6.980000E+03  1.000000E-35  1.000000E-35
   7.020000E+03  1.000000E-35  1.000000E-35
   7.060000E+03  1.000000E-35  1.000000E-35
   7.100000E+03  1.000000E-35  1.000000E-35
   7.140000E+03  1.000000E-35  1.000000E-35
   7.180000E+03  7.250000E-07  4.038815E-07
   7.220000E+03  1.000000E-35  1.000000E-35
   7.260000E+03  1.000000E-35  1.000000E-35
   7.300000E+03  1.000000E-35  1.000000E-35
   7.340000E+03  1.000000E-35  1.000000E-35
   7.380000E+03  8.565000E-05  4.382377E-06
   7.420000E+03  1.000000E-35  1.000000E-35
   7.460000E+03  1.000000E-35  1.000000E-35
   7.500000E+03  1.000000E-35  1.000000E-35
   7.540000E+03  1.000000E-35  1.000000E-35
   7.580000E+03  1.000000E-35  1.000000E-35
   7.620000E+03  1.000000E-35  1.000000E-35
   7.660000E+03  1.000000E-35  1.000000E-35
   7.700000E+03  1.000000E-35  1.000000E-35
   7.740000E+03  1.000000E-35  1.000000E-35
   7.780000E+03  1.000000E-35  1.000000E-35
   7.820000E+03  1.000000E-35  1.000000E-35
   7.860000E+03  1.000000E-35  1.000000E-35
   7.900000E+03  1.000000E-35  1.000000E-35
   7.940000E+03  1.000000E-35  1.000000E-35
   7.980000E+03  1.000000E-35  1.000000E-35
   8.020000E+03  1.000000E-35  1.000000E-35
   8.060000E+03  1.000000E-35  1.000000E-35
   8.100000E+03  1.000000E-35  1.000000E-35
   8.140000E+03  1.000000E-35  1.000000E-35
   8.180000E+03  1.000000E-35  1.000000E-35
   8.220000E+03  1.000000E-35  1.000000E-35
   8.260000E+03  1.000000E-35  1.000000E-35
   8.300000E+03  1.000000E-35  1.000000E-35
   8.340000E+03  1.000000E-35  1.000000E-35
   8.380000E+03  1.000000E-35  1.000000E-35
   8.420000E+03  1.000000E-35  1.000000E-35
   8.460000E+03  1.000000E-35  1.000000E-35
   8.500000E+03  1.000000E-35  1.000000E-35
   8.540000E+03  1.000000E-35  1.000000E-35
   8.580000E+03  1.000000E-35  1.000000E-35
   8.620000E+03  1.000000E-35  1.000000E-35
   8.660000E+03  1.000000E-35  1.000000E-35
   8.700000E+03  1.000000E-35  1.000000E-35
   8.740000E+03  1.000000E-35  1.000000E-35
   8.780000E+03  1.000000E-35  1.000000E-35
   8.820000E+03  1.000000E-35  1.000000E-35
   8.860000E+03  1.000000E-35  1.000000E-35
   8.900000E+03  1.000000E-35  1.000000E-35
   8.940000E+03  1.000000E-35  1.000000E-35
   8.980000E+03  1.000000E-35  1.000000E-35
   9.020000E+03  1.000000E-35  1.000000E-35
   9.060000E+03  1.000000E-35  1.000000E-35
   9.100000E+03  1.000000E-35  1.000000E-35
   9.140000E+03  1.000000E-35  1.000000E-35
   9.180000E+03  1.000000E-35  1.000000E-35
   9.220000E+03  1.000000E-35  1.000000E-35
   9.260000E+03  1.000000E-35  1.000000E-35
   9.300000E+03  1.000000E-35  1.000000E-35
   9.340000E+03  1.000000E-35  1.000000E-35
   9.380000E+03  1.000000E-35  1.000000E-35
   9.420000E+03  1.000000E-35  1.000000E-35
   9.460000E+03  1.000000E-35  1.000000E-35
   9.500000E+03  1.000000E-35  1.000000E-35
   9.540000E+03  1.000000E-35  1.000000E-35
   9.580000E+03  1.000000E-35  1.000000E-35
   9.620000E+03  1.000000E-35  1.000000E-35
   9.660000E+03  1.000000E-35  1.000000E-35
   9.700000E+03  1.000000E-35  1.000000E-35
   9.740000E+03  1.000000E-35  1.000000E-35
   9.780000E+03  1.000000E-35  1.000000E-35
   9.820000E+03  1.000000E-35  1.000000E-35
   9.860000E+03  1.000000E-35  1.000000E-35
   9.900000E+03  1.000000E-35  1.000000E-35
   9.940000E+03  1.000000E-35  1.000000E-35
   9.980000E+03  2.486577E-02  5.480737E-06
   1.002000E+04  1.000000E-35  1.000000E-35
   1.006000E+04  1.000000E-35  1.000000E-35
   1.010000E+04  1.000000E-35  1.000000E-35
   1.014000E+04  1.000000E-35  1.000000E-35
   1.018000E+04  1.000000E-35  1.000000E-35
   1.022000E+04  1.000000E-35  1.000000E-35
   1.026000E+04  1.000000E-35  1.000000E-35
   1.030000E+04  1.000000E-35  1.000000E-35
   1.034000E+04  1.000000E-35  1.000000E-35
   1.038000E+04  1.000000E-35  1.000000E-35
   1.042000E+04  1.000000E-35  1.000000E-35
   1.046000E+04  1.000000E-35  1.000000E-35
   1.050000E+04  1.000000E-35  1.000000E-35
   1.054000E+04  1.000000E-35  1.000000E-35
   1.058000E+04  1.000000E-35  1.000000E-35
   1.062000E+04  1.000000E-35  1.000000E-35
   1.066000E+04  1.000000E-35  1.000000E-35
   1.070000E+04  1.000000E-35  1.000000E-35
   1.074000E+04  1.000000E-35  1.000000E-35
   1.078000E+04  1.000000E-35  1.000000E-35
   1.082000E+04  1.000000E-35  1.000000E-35
   1.086000E+04  1.000000E-35  1.000000E-35
   1.090000E+04  1.000000E-35  1.000000E-35
   1.094000E+04  1.000000E-35  1.000000E-35
   1.098000E+04  1.000000E-35  1.000000E-35
   1.102000E+04  1.000000E-35  1.000000E-35
   1.106000E+04  1.000000E-35  1.000000E-35
   1.110000E+04  1.000000E-35  1.000000E-35
   1.114000E+04  1.000000E-35  1.000000E-35
   1.118000E+04  1.000000E-35  1.000000E-35
   1.122000E+04  1.000000E-35  1.000000E-35
   1.126000E+04  1.000000E-35  1.000000E-35
   1.130000E+04  1.000000E-35  1.000000E-35
   1.134000E+04  1.000000E-35  1.000000E-35
   1.138000E+04  1.000000E-35  1.000000E-35
   1.142000E+04  1.000000E-35  1.000000E-35
   1.146000E+04  1.000000E-35  1.000000E-35
   1.150000E+04  1.000000E-35  1.000000E-35
   1.154000E+04  1.000000E-35  1.000000E-35
   1.158000E+04  1.000000E-35  1.000000E-35
   1.162000E+04  1.000000E-35  1.000000E-35
   1.166000E+04  1.000000E-35  1.000000E-35
   1.170000E+04  1.000000E-35  1.000000E-35
   1.174000E+04  1.000000E-35  1.000000E-35
   1.178000E+04  1.000000E-35  1.000000E-35
   1.182000E+04  1.000000E-35  1.000000E-35
   1.186000E+04  1.000000E-35  1.000000E-35
   1.190000E+04  1.000000E-35  1.000000E-35
   1.194000E+04  1.000000E-35  1.000000E-35
   1.198000E+04  1.000000E-35  1.000000E-35
