 #  Results from PENMAIN. Output from energy-deposition detector #  1
 #  Deposited energy spectrum.
 #  WARNING: May be strongly biased if interaction forcing is used!
 #  1st column: deposited energy (eV).
 #  2nd column: probability density (1/(eV*particle)).
 #  3rd column: statistical uncertainty (3 sigma).

   2.000000E+03  1.062500E-07  1.545836E-08
   6.000000E+03  1.162500E-07  1.616913E-08
   1.000000E+04  1.072500E-07  1.553090E-08
   1.400000E+04  1.165000E-07  1.618650E-08
   1.800000E+04  1.205000E-07  1.646191E-08
   2.200000E+04  1.272500E-07  1.691646E-08
   2.600000E+04  1.152500E-07  1.609947E-08
   3.000000E+04  1.170000E-07  1.622118E-08
   3.400000E+04  1.145000E-07  1.604702E-08
   3.800000E+04  1.117500E-07  1.585324E-08
   4.200000E+04  1.232500E-07  1.664860E-08
   4.600000E+04  1.150000E-07  1.608201E-08
   5.000000E+04  1.172500E-07  1.623850E-08
   5.400000E+04  1.127500E-07  1.592398E-08
   5.800000E+04  1.197500E-07  1.641062E-08
   6.200000E+04  1.165000E-07  1.618650E-08
   6.600000E+04  1.130000E-07  1.594161E-08
   7.000000E+04  1.117500E-07  1.585324E-08
   7.400000E+04  1.195000E-07  1.639349E-08
   7.800000E+04  1.110000E-07  1.579997E-08
   8.200000E+04  1.142500E-07  1.602950E-08
   8.600000E+04  1.082500E-07  1.560311E-08
   9.000000E+04  1.110000E-07  1.579997E-08
   9.400000E+04  1.087500E-07  1.563909E-08
   9.800000E+04  1.105000E-07  1.576436E-08
   1.020000E+05  1.027500E-07  1.520173E-08
   1.060000E+05  1.195000E-07  1.639349E-08
   1.100000E+05  1.202500E-07  1.644483E-08
   1.140000E+05  1.045000E-07  1.533058E-08
   1.180000E+05  1.065000E-07  1.547653E-08
   1.220000E+05  1.022500E-07  1.516471E-08
   1.260000E+05  1.060000E-07  1.544017E-08
   1.300000E+05  1.005000E-07  1.503443E-08
   1.340000E+05  1.052500E-07  1.538547E-08
   1.380000E+05  1.087500E-07  1.563909E-08
   1.420000E+05  1.077500E-07  1.556705E-08
   1.460000E+05  1.095000E-07  1.569290E-08
   1.500000E+05  1.042500E-07  1.531224E-08
   1.540000E+05  1.007500E-07  1.505311E-08
   1.580000E+05  1.015000E-07  1.510901E-08
   1.620000E+05  1.022500E-07  1.516471E-08
   1.660000E+05  9.900000E-08  1.492186E-08
   1.700000E+05  1.110000E-07  1.579997E-08
   1.740000E+05  1.050000E-07  1.536720E-08
   1.780000E+05  1.097500E-07  1.571080E-08
   1.820000E+05  1.007500E-07  1.505311E-08
   1.860000E+05  1.065000E-07  1.547653E-08
   1.900000E+05  9.700000E-08  1.477042E-08
   1.940000E+05  9.500000E-08  1.461741E-08
   1.980000E+05  9.925000E-08  1.494068E-08
   2.020000E+05  1.007500E-07  1.505311E-08
   2.060000E+05  1.015000E-07  1.510901E-08
   2.100000E+05  1.002500E-07  1.501573E-08
   2.140000E+05  9.900000E-08  1.492186E-08
   2.180000E+05  1.070000E-07  1.551280E-08
   2.220000E+05  9.700000E-08  1.477042E-08
   2.260000E+05  9.325000E-08  1.448220E-08
   2.300000E+05  1.012500E-07  1.509040E-08
   2.340000E+05  1.095000E-07  1.569290E-08
   2.380000E+05  9.625000E-08  1.471323E-08
   2.420000E+05  9.250000E-08  1.442387E-08
   2.460000E+05  9.650000E-08  1.473232E-08
   2.500000E+05  1.012500E-07  1.509040E-08
   2.540000E+05  1.045000E-07  1.533058E-08
   2.580000E+05  9.600000E-08  1.469412E-08
   2.620000E+05  8.525000E-08  1.384728E-08
   2.660000E+05  1.015000E-07  1.510901E-08
   2.700000E+05  9.400000E-08  1.454031E-08
   2.740000E+05  8.575000E-08  1.388781E-08
   2.780000E+05  9.500000E-08  1.461741E-08
   2.820000E+05  1.000000E-07  1.499700E-08
   2.860000E+05  9.950000E-08  1.495948E-08
   2.900000E+05  1.040000E-07  1.529388E-08
   2.940000E+05  9.375000E-08  1.452096E-08
   2.980000E+05  1.012500E-07  1.509040E-08
   3.020000E+05  8.550000E-08  1.386756E-08
   3.060000E+05  9.250000E-08  1.442387E-08
   3.100000E+05  8.425000E-08  1.376585E-08
   3.140000E+05  1.027500E-07  1.520173E-08
   3.180000E+05  9.025000E-08  1.424743E-08
   3.220000E+05  9.400000E-08  1.454031E-08
   3.260000E+05  8.900000E-08  1.414845E-08
   3.300000E+05  7.925000E-08  1.335125E-08
   3.340000E+05  8.925000E-08  1.416830E-08
   3.380000E+05  8.725000E-08  1.400871E-08
   3.420000E+05  8.450000E-08  1.378625E-08
   3.460000E+05  8.800000E-08  1.406877E-08
   3.500000E+05  9.150000E-08  1.434572E-08
   3.540000E+05  8.775000E-08  1.404878E-08
   3.580000E+05  9.350000E-08  1.450160E-08
   3.620000E+05  9.775000E-08  1.482739E-08
   3.660000E+05  8.525000E-08  1.384728E-08
   3.700000E+05  8.900000E-08  1.414845E-08
   3.740000E+05  9.675000E-08  1.475138E-08
   3.780000E+05  8.650000E-08  1.394839E-08
   3.820000E+05  9.275000E-08  1.444334E-08
   3.860000E+05  9.200000E-08  1.438485E-08
   3.900000E+05  9.000000E-08  1.422769E-08
   3.940000E+05  8.800000E-08  1.406877E-08
   3.980000E+05  8.175000E-08  1.356014E-08
   4.020000E+05  8.950000E-08  1.418813E-08
   4.060000E+05  8.725000E-08  1.400871E-08
   4.100000E+05  8.800000E-08  1.406877E-08
   4.140000E+05  9.225000E-08  1.440437E-08
   4.180000E+05  8.975000E-08  1.420792E-08
   4.220000E+05  8.600000E-08  1.390803E-08
   4.260000E+05  8.850000E-08  1.410867E-08
   4.300000E+05  8.475000E-08  1.380662E-08
   4.340000E+05  9.125000E-08  1.432611E-08
   4.380000E+05  9.650000E-08  1.473232E-08
   4.420000E+05  8.850000E-08  1.410867E-08
   4.460000E+05  9.125000E-08  1.432611E-08
   4.500000E+05  8.200000E-08  1.358085E-08
   4.540000E+05  9.225000E-08  1.440437E-08
   4.580000E+05  9.550000E-08  1.465582E-08
   4.620000E+05  9.600000E-08  1.469412E-08
   4.660000E+05  8.675000E-08  1.396853E-08
   4.700000E+05  8.425000E-08  1.376585E-08
   4.740000E+05  9.050000E-08  1.426714E-08
   4.780000E+05  8.675000E-08  1.396853E-08
   4.820000E+05  7.875000E-08  1.330908E-08
   4.860000E+05  8.750000E-08  1.402876E-08
   4.900000E+05  8.875000E-08  1.412857E-08
   4.940000E+05  8.825000E-08  1.408873E-08
   4.980000E+05  8.400000E-08  1.374542E-08
   5.020000E+05  8.200000E-08  1.358085E-08
   5.060000E+05  9.650000E-08  1.473232E-08
   5.100000E+05  9.075000E-08  1.428683E-08
   5.140000E+05  9.175000E-08  1.436530E-08
   5.180000E+05  8.600000E-08  1.390803E-08
   5.220000E+05  8.950000E-08  1.418813E-08
   5.260000E+05  9.250000E-08  1.442387E-08
   5.300000E+05  9.525000E-08  1.463663E-08
   5.340000E+05  8.175000E-08  1.356014E-08
   5.380000E+05  8.600000E-08  1.390803E-08
   5.420000E+05  8.025000E-08  1.343520E-08
   5.460000E+05  7.775000E-08  1.322434E-08
   5.500000E+05  9.125000E-08  1.432611E-08
   5.540000E+05  8.775000E-08  1.404878E-08
   5.580000E+05  8.500000E-08  1.382697E-08
   5.620000E+05  8.425000E-08  1.376585E-08
   5.660000E+05  9.575000E-08  1.467498E-08
   5.700000E+05  9.350000E-08  1.450160E-08
   5.740000E+05  8.825000E-08  1.408873E-08
   5.780000E+05  9.400000E-08  1.454031E-08
   5.820000E+05  9.250000E-08  1.442387E-08
   5.860000E+05  9.650000E-08  1.473232E-08
   5.900000E+05  9.575000E-08  1.467498E-08
   5.940000E+05  9.700000E-08  1.477042E-08
   5.980000E+05  1.045000E-07  1.533058E-08
   6.020000E+05  9.575000E-08  1.467498E-08
   6.060000E+05  1.037500E-07  1.527549E-08
   6.100000E+05  9.975000E-08  1.497825E-08
   6.140000E+05  9.900000E-08  1.492186E-08
   6.180000E+05  9.925000E-08  1.494068E-08
   6.220000E+05  9.675000E-08  1.475138E-08
   6.260000E+05  9.425000E-08  1.455962E-08
   6.300000E+05  1.005000E-07  1.503443E-08
   6.340000E+05  1.070000E-07  1.551280E-08
   6.380000E+05  9.800000E-08  1.484633E-08
   6.420000E+05  1.017500E-07  1.512760E-08
   6.460000E+05  1.055000E-07  1.540373E-08
   6.500000E+05  9.950000E-08  1.495948E-08
   6.540000E+05  1.090000E-07  1.565705E-08
   6.580000E+05  1.055000E-07  1.540373E-08
   6.620000E+05  1.097500E-07  1.571080E-08
   6.660000E+05  1.172500E-07  1.623850E-08
   6.700000E+05  1.157500E-07  1.613434E-08
   6.740000E+05  1.090000E-07  1.565705E-08
   6.780000E+05  1.217500E-07  1.654703E-08
   6.820000E+05  1.160000E-07  1.615175E-08
   6.860000E+05  1.195000E-07  1.639349E-08
   6.900000E+05  1.177500E-07  1.627307E-08
   6.940000E+05  1.265000E-07  1.686656E-08
   6.980000E+05  1.135000E-07  1.597683E-08
   7.020000E+05  1.310000E-07  1.716379E-08
   7.060000E+05  1.335000E-07  1.732670E-08
   7.100000E+05  1.352500E-07  1.743984E-08
   7.140000E+05  1.277500E-07  1.694965E-08
   7.180000E+05  1.355000E-07  1.745594E-08
   7.220000E+05  1.362500E-07  1.750415E-08
   7.260000E+05  1.462500E-07  1.813477E-08
   7.300000E+05  1.547500E-07  1.865401E-08
   7.340000E+05  1.557500E-07  1.871414E-08
   7.380000E+05  1.442500E-07  1.801042E-08
   7.420000E+05  1.505000E-07  1.839623E-08
   7.460000E+05  1.470000E-07  1.818119E-08
   7.500000E+05  1.675000E-07  1.940676E-08
   7.540000E+05  1.655000E-07  1.929063E-08
   7.580000E+05  1.632500E-07  1.915914E-08
   7.620000E+05  1.695000E-07  1.952220E-08
   7.660000E+05  1.870000E-07  2.050452E-08
   7.700000E+05  1.890000E-07  2.061379E-08
   7.740000E+05  1.820000E-07  2.022874E-08
   7.780000E+05  1.890000E-07  2.061379E-08
   7.820000E+05  2.095000E-07  2.170207E-08
   7.860000E+05  2.105000E-07  2.175376E-08
   7.900000E+05  2.185000E-07  2.216293E-08
   7.940000E+05  1.950000E-07  2.093819E-08
   7.980000E+05  7.650000E-08  1.311763E-08
   8.020000E+05  3.525000E-08  8.905129E-09
   8.060000E+05  2.700000E-08  7.793808E-09
   8.100000E+05  1.900000E-08  6.538100E-09
   8.140000E+05  1.925000E-08  6.580970E-09
   8.180000E+05  1.900000E-08  6.538100E-09
   8.220000E+05  1.925000E-08  6.580970E-09
   8.260000E+05  1.850000E-08  6.451505E-09
   8.300000E+05  1.475000E-08  5.760689E-09
   8.340000E+05  1.925000E-08  6.580970E-09
   8.380000E+05  1.350000E-08  5.511203E-09
   8.420000E+05  1.375000E-08  5.561996E-09
   8.460000E+05  1.525000E-08  5.857509E-09
   8.500000E+05  1.625000E-08  6.046497E-09
   8.540000E+05  1.425000E-08  5.662214E-09
   8.580000E+05  1.100000E-08  4.974828E-09
   8.620000E+05  1.450000E-08  5.711664E-09
   8.660000E+05  9.750000E-09  4.683657E-09
   8.700000E+05  9.250000E-09  4.561987E-09
   8.740000E+05  1.025000E-08  4.802245E-09
   8.780000E+05  8.000000E-09  4.242573E-09
   8.820000E+05  9.250000E-09  4.561987E-09
   8.860000E+05  3.750000E-09  2.904716E-09
   8.900000E+05  1.250000E-09  1.677047E-09
   8.940000E+05  1.750000E-09  1.984307E-09
   8.980000E+05  2.750000E-09  2.487455E-09
   9.020000E+05  7.500000E-10  1.299036E-09
   9.060000E+05  1.000000E-09  1.499997E-09
   9.100000E+05  7.500000E-10  1.299036E-09
   9.140000E+05  1.250000E-09  1.677047E-09
   9.180000E+05  2.500000E-10  7.499996E-10
   9.220000E+05  2.500000E-10  7.499996E-10
   9.260000E+05  1.000000E-35  1.000000E-35
   9.300000E+05  1.000000E-35  1.000000E-35
   9.340000E+05  1.000000E-35  1.000000E-35
   9.380000E+05  1.000000E-35  1.000000E-35
   9.420000E+05  1.000000E-35  1.000000E-35
   9.460000E+05  1.000000E-35  1.000000E-35
   9.500000E+05  1.000000E-35  1.000000E-35
   9.540000E+05  1.000000E-35  1.000000E-35
   9.580000E+05  2.500000E-10  7.499996E-10
   9.620000E+05  1.000000E-35  1.000000E-35
   9.660000E+05  1.000000E-35  1.000000E-35
   9.700000E+05  1.000000E-35  1.000000E-35
   9.740000E+05  1.000000E-35  1.000000E-35
   9.780000E+05  1.000000E-35  1.000000E-35
   9.820000E+05  1.000000E-35  1.000000E-35
   9.860000E+05  1.000000E-35  1.000000E-35
   9.900000E+05  1.000000E-35  1.000000E-35
   9.940000E+05  1.000000E-35  1.000000E-35
   9.980000E+05  1.925000E-08  6.580970E-09
   1.002000E+06  1.000000E-35  1.000000E-35
   1.006000E+06  1.000000E-35  1.000000E-35
   1.010000E+06  1.000000E-35  1.000000E-35
   1.014000E+06  1.000000E-35  1.000000E-35
   1.018000E+06  1.000000E-35  1.000000E-35
   1.022000E+06  1.000000E-35  1.000000E-35
   1.026000E+06  1.000000E-35  1.000000E-35
   1.030000E+06  1.000000E-35  1.000000E-35
   1.034000E+06  1.000000E-35  1.000000E-35
   1.038000E+06  1.000000E-35  1.000000E-35
   1.042000E+06  1.000000E-35  1.000000E-35
   1.046000E+06  1.000000E-35  1.000000E-35
   1.050000E+06  1.000000E-35  1.000000E-35
   1.054000E+06  1.000000E-35  1.000000E-35
   1.058000E+06  1.000000E-35  1.000000E-35
   1.062000E+06  1.000000E-35  1.000000E-35
   1.066000E+06  1.000000E-35  1.000000E-35
   1.070000E+06  1.000000E-35  1.000000E-35
   1.074000E+06  1.000000E-35  1.000000E-35
   1.078000E+06  1.000000E-35  1.000000E-35
   1.082000E+06  1.000000E-35  1.000000E-35
   1.086000E+06  1.000000E-35  1.000000E-35
   1.090000E+06  1.000000E-35  1.000000E-35
   1.094000E+06  1.000000E-35  1.000000E-35
   1.098000E+06  1.000000E-35  1.000000E-35
   1.102000E+06  1.000000E-35  1.000000E-35
   1.106000E+06  1.000000E-35  1.000000E-35
   1.110000E+06  1.000000E-35  1.000000E-35
   1.114000E+06  1.000000E-35  1.000000E-35
   1.118000E+06  1.000000E-35  1.000000E-35
   1.122000E+06  1.000000E-35  1.000000E-35
   1.126000E+06  1.000000E-35  1.000000E-35
   1.130000E+06  1.000000E-35  1.000000E-35
   1.134000E+06  1.000000E-35  1.000000E-35
   1.138000E+06  1.000000E-35  1.000000E-35
   1.142000E+06  1.000000E-35  1.000000E-35
   1.146000E+06  1.000000E-35  1.000000E-35
   1.150000E+06  1.000000E-35  1.000000E-35
   1.154000E+06  1.000000E-35  1.000000E-35
   1.158000E+06  1.000000E-35  1.000000E-35
   1.162000E+06  1.000000E-35  1.000000E-35
   1.166000E+06  1.000000E-35  1.000000E-35
   1.170000E+06  1.000000E-35  1.000000E-35
   1.174000E+06  1.000000E-35  1.000000E-35
   1.178000E+06  1.000000E-35  1.000000E-35
   1.182000E+06  1.000000E-35  1.000000E-35
   1.186000E+06  1.000000E-35  1.000000E-35
   1.190000E+06  1.000000E-35  1.000000E-35
   1.194000E+06  1.000000E-35  1.000000E-35
   1.198000E+06  1.000000E-35  1.000000E-35
