 #  Results from PENMAIN. Output from energy-deposition detector #  1
 #  Deposited energy spectrum.
 #  WARNING: May be strongly biased if interaction forcing is used!
 #  1st column: deposited energy (eV).
 #  2nd column: probability density (1/(eV*particle)).
 #  3rd column: statistical uncertainty (3 sigma).

   1.666667E+03  1.341300E-06  6.004430E-08
   5.000000E+03  1.440600E-06  6.221690E-08
   8.333333E+03  1.401600E-06  6.137296E-08
   1.166667E+04  1.346400E-06  6.015783E-08
   1.500000E+04  1.267800E-06  5.838317E-08
   1.833333E+04  1.304100E-06  5.920949E-08
   2.166667E+04  1.270500E-06  5.844504E-08
   2.500000E+04  1.183800E-06  5.642382E-08
   2.833333E+04  1.180800E-06  5.635256E-08
   3.166667E+04  1.150500E-06  5.562767E-08
   3.500000E+04  1.116900E-06  5.481243E-08
   3.833333E+04  1.091400E-06  5.418542E-08
   4.166667E+04  1.085700E-06  5.404425E-08
   4.500000E+04  1.043700E-06  5.299232E-08
   4.833333E+04  1.048200E-06  5.310604E-08
   5.166667E+04  9.831000E-07  5.143609E-08
   5.500000E+04  9.891000E-07  5.159230E-08
   5.833333E+04  9.786000E-07  5.131862E-08
   6.166667E+04  9.546000E-07  5.068746E-08
   6.500000E+04  9.234000E-07  4.985485E-08
   6.833333E+04  9.378000E-07  5.024087E-08
   7.166667E+04  8.976000E-07  4.915556E-08
   7.500000E+04  8.961000E-07  4.911459E-08
   7.833333E+04  9.234000E-07  4.985485E-08
   8.166667E+04  9.381000E-07  5.024888E-08
   8.500000E+04  9.516000E-07  5.060800E-08
   8.833333E+04  9.966000E-07  5.178688E-08
   9.166667E+04  1.031100E-06  5.267259E-08
   9.500000E+04  1.070700E-06  5.367096E-08
   9.833333E+04  1.117200E-06  5.481977E-08
   1.016667E+05  1.169100E-06  5.607378E-08
   1.050000E+05  1.257900E-06  5.815573E-08
   1.083333E+05  1.289400E-06  5.887629E-08
   1.116667E+05  1.403400E-06  6.141217E-08
   1.150000E+05  1.504500E-06  6.357498E-08
   1.183333E+05  1.593300E-06  6.541454E-08
   1.216667E+05  1.539000E-06  6.429606E-08
   1.250000E+05  5.676000E-07  3.911036E-08
   1.283333E+05  2.655000E-07  2.676220E-08
   1.316667E+05  1.818000E-07  2.214865E-08
   1.350000E+05  1.518000E-07  2.023988E-08
   1.383333E+05  1.428000E-07  1.963101E-08
   1.416667E+05  1.290000E-07  1.865878E-08
   1.450000E+05  1.203000E-07  1.801887E-08
   1.483333E+05  1.077000E-07  1.704950E-08
   1.516667E+05  9.480000E-08  1.599622E-08
   1.550000E+05  9.060000E-08  1.563797E-08
   1.583333E+05  7.650000E-08  1.437001E-08
   1.616667E+05  5.520000E-08  1.220707E-08
   1.650000E+05  2.520000E-08  8.248290E-09
   1.683333E+05  1.380000E-08  6.103957E-09
   1.716667E+05  1.140000E-08  5.547867E-09
   1.750000E+05  1.080000E-08  5.399903E-09
   1.783333E+05  9.300000E-09  5.010910E-09
   1.816667E+05  6.600000E-09  4.221328E-09
   1.850000E+05  1.500000E-09  2.012456E-09
   1.883333E+05  1.200000E-09  1.799996E-09
   1.916667E+05  3.000000E-10  8.999995E-10
   1.950000E+05  3.000000E-10  8.999995E-10
   1.983333E+05  6.000000E-10  1.272791E-09
   2.016667E+05  3.000000E-10  8.999995E-10
   2.050000E+05  1.000000E-35  1.000000E-35
   2.083333E+05  3.000000E-10  8.999995E-10
   2.116667E+05  1.000000E-35  1.000000E-35
   2.150000E+05  1.000000E-35  1.000000E-35
   2.183333E+05  3.000000E-10  8.999995E-10
   2.216667E+05  1.000000E-35  1.000000E-35
   2.250000E+05  6.000000E-10  1.272791E-09
   2.283333E+05  1.000000E-35  1.000000E-35
   2.316667E+05  1.000000E-35  1.000000E-35
   2.350000E+05  1.000000E-35  1.000000E-35
   2.383333E+05  1.000000E-35  1.000000E-35
   2.416667E+05  1.000000E-35  1.000000E-35
   2.450000E+05  1.000000E-35  1.000000E-35
   2.483333E+05  7.866000E-07  4.602446E-08
   2.516667E+05  1.000000E-35  1.000000E-35
   2.550000E+05  1.000000E-35  1.000000E-35
   2.583333E+05  1.000000E-35  1.000000E-35
   2.616667E+05  1.000000E-35  1.000000E-35
   2.650000E+05  1.000000E-35  1.000000E-35
   2.683333E+05  1.000000E-35  1.000000E-35
   2.716667E+05  1.000000E-35  1.000000E-35
   2.750000E+05  1.000000E-35  1.000000E-35
   2.783333E+05  1.000000E-35  1.000000E-35
   2.816667E+05  1.000000E-35  1.000000E-35
   2.850000E+05  1.000000E-35  1.000000E-35
   2.883333E+05  1.000000E-35  1.000000E-35
   2.916667E+05  1.000000E-35  1.000000E-35
   2.950000E+05  1.000000E-35  1.000000E-35
   2.983333E+05  1.000000E-35  1.000000E-35
   3.016667E+05  1.000000E-35  1.000000E-35
   3.050000E+05  1.000000E-35  1.000000E-35
   3.083333E+05  1.000000E-35  1.000000E-35
   3.116667E+05  1.000000E-35  1.000000E-35
   3.150000E+05  1.000000E-35  1.000000E-35
   3.183333E+05  1.000000E-35  1.000000E-35
   3.216667E+05  1.000000E-35  1.000000E-35
   3.250000E+05  1.000000E-35  1.000000E-35
   3.283333E+05  1.000000E-35  1.000000E-35
   3.316667E+05  1.000000E-35  1.000000E-35
   3.350000E+05  1.000000E-35  1.000000E-35
   3.383333E+05  1.000000E-35  1.000000E-35
   3.416667E+05  1.000000E-35  1.000000E-35
   3.450000E+05  1.000000E-35  1.000000E-35
   3.483333E+05  1.000000E-35  1.000000E-35
   3.516667E+05  1.000000E-35  1.000000E-35
   3.550000E+05  1.000000E-35  1.000000E-35
   3.583333E+05  1.000000E-35  1.000000E-35
   3.616667E+05  1.000000E-35  1.000000E-35
   3.650000E+05  1.000000E-35  1.000000E-35
   3.683333E+05  1.000000E-35  1.000000E-35
   3.716667E+05  1.000000E-35  1.000000E-35
   3.750000E+05  1.000000E-35  1.000000E-35
   3.783333E+05  1.000000E-35  1.000000E-35
   3.816667E+05  1.000000E-35  1.000000E-35
   3.850000E+05  1.000000E-35  1.000000E-35
   3.883333E+05  1.000000E-35  1.000000E-35
   3.916667E+05  1.000000E-35  1.000000E-35
   3.950000E+05  1.000000E-35  1.000000E-35
   3.983333E+05  1.000000E-35  1.000000E-35
   4.016667E+05  1.000000E-35  1.000000E-35
   4.050000E+05  1.000000E-35  1.000000E-35
   4.083333E+05  1.000000E-35  1.000000E-35
   4.116667E+05  1.000000E-35  1.000000E-35
   4.150000E+05  1.000000E-35  1.000000E-35
   4.183333E+05  1.000000E-35  1.000000E-35
   4.216667E+05  1.000000E-35  1.000000E-35
   4.250000E+05  1.000000E-35  1.000000E-35
   4.283333E+05  1.000000E-35  1.000000E-35
   4.316667E+05  1.000000E-35  1.000000E-35
   4.350000E+05  1.000000E-35  1.000000E-35
   4.383333E+05  1.000000E-35  1.000000E-35
   4.416667E+05  1.000000E-35  1.000000E-35
   4.450000E+05  1.000000E-35  1.000000E-35
   4.483333E+05  1.000000E-35  1.000000E-35
   4.516667E+05  1.000000E-35  1.000000E-35
   4.550000E+05  1.000000E-35  1.000000E-35
   4.583333E+05  1.000000E-35  1.000000E-35
   4.616667E+05  1.000000E-35  1.000000E-35
   4.650000E+05  1.000000E-35  1.000000E-35
   4.683333E+05  1.000000E-35  1.000000E-35
   4.716667E+05  1.000000E-35  1.000000E-35
   4.750000E+05  1.000000E-35  1.000000E-35
   4.783333E+05  1.000000E-35  1.000000E-35
   4.816667E+05  1.000000E-35  1.000000E-35
   4.850000E+05  1.000000E-35  1.000000E-35
   4.883333E+05  1.000000E-35  1.000000E-35
   4.916667E+05  1.000000E-35  1.000000E-35
   4.950000E+05  1.000000E-35  1.000000E-35
   4.983333E+05  1.000000E-35  1.000000E-35
   5.016667E+05  1.000000E-35  1.000000E-35
   5.050000E+05  1.000000E-35  1.000000E-35
   5.083333E+05  1.000000E-35  1.000000E-35
   5.116667E+05  1.000000E-35  1.000000E-35
   5.150000E+05  1.000000E-35  1.000000E-35
   5.183333E+05  1.000000E-35  1.000000E-35
   5.216667E+05  1.000000E-35  1.000000E-35
   5.250000E+05  1.000000E-35  1.000000E-35
   5.283333E+05  1.000000E-35  1.000000E-35
   5.316667E+05  1.000000E-35  1.000000E-35
   5.350000E+05  1.000000E-35  1.000000E-35
   5.383333E+05  1.000000E-35  1.000000E-35
   5.416667E+05  1.000000E-35  1.000000E-35
   5.450000E+05  1.000000E-35  1.000000E-35
   5.483333E+05  1.000000E-35  1.000000E-35
   5.516667E+05  1.000000E-35  1.000000E-35
   5.550000E+05  1.000000E-35  1.000000E-35
   5.583333E+05  1.000000E-35  1.000000E-35
   5.616667E+05  1.000000E-35  1.000000E-35
   5.650000E+05  1.000000E-35  1.000000E-35
   5.683333E+05  1.000000E-35  1.000000E-35
   5.716667E+05  1.000000E-35  1.000000E-35
   5.750000E+05  1.000000E-35  1.000000E-35
   5.783333E+05  1.000000E-35  1.000000E-35
   5.816667E+05  1.000000E-35  1.000000E-35
   5.850000E+05  1.000000E-35  1.000000E-35
   5.883333E+05  1.000000E-35  1.000000E-35
   5.916667E+05  1.000000E-35  1.000000E-35
   5.950000E+05  1.000000E-35  1.000000E-35
   5.983333E+05  1.000000E-35  1.000000E-35
   6.016667E+05  1.000000E-35  1.000000E-35
   6.050000E+05  1.000000E-35  1.000000E-35
   6.083333E+05  1.000000E-35  1.000000E-35
   6.116667E+05  1.000000E-35  1.000000E-35
   6.150000E+05  1.000000E-35  1.000000E-35
   6.183333E+05  1.000000E-35  1.000000E-35
   6.216667E+05  1.000000E-35  1.000000E-35
   6.250000E+05  1.000000E-35  1.000000E-35
   6.283333E+05  1.000000E-35  1.000000E-35
   6.316667E+05  1.000000E-35  1.000000E-35
   6.350000E+05  1.000000E-35  1.000000E-35
   6.383333E+05  1.000000E-35  1.000000E-35
   6.416667E+05  1.000000E-35  1.000000E-35
   6.450000E+05  1.000000E-35  1.000000E-35
   6.483333E+05  1.000000E-35  1.000000E-35
   6.516667E+05  1.000000E-35  1.000000E-35
   6.550000E+05  1.000000E-35  1.000000E-35
   6.583333E+05  1.000000E-35  1.000000E-35
   6.616667E+05  1.000000E-35  1.000000E-35
   6.650000E+05  1.000000E-35  1.000000E-35
   6.683333E+05  1.000000E-35  1.000000E-35
   6.716667E+05  1.000000E-35  1.000000E-35
   6.750000E+05  1.000000E-35  1.000000E-35
   6.783333E+05  1.000000E-35  1.000000E-35
   6.816667E+05  1.000000E-35  1.000000E-35
   6.850000E+05  1.000000E-35  1.000000E-35
   6.883333E+05  1.000000E-35  1.000000E-35
   6.916667E+05  1.000000E-35  1.000000E-35
   6.950000E+05  1.000000E-35  1.000000E-35
   6.983333E+05  1.000000E-35  1.000000E-35
   7.016667E+05  1.000000E-35  1.000000E-35
   7.050000E+05  1.000000E-35  1.000000E-35
   7.083333E+05  1.000000E-35  1.000000E-35
   7.116667E+05  1.000000E-35  1.000000E-35
   7.150000E+05  1.000000E-35  1.000000E-35
   7.183333E+05  1.000000E-35  1.000000E-35
   7.216667E+05  1.000000E-35  1.000000E-35
   7.250000E+05  1.000000E-35  1.000000E-35
   7.283333E+05  1.000000E-35  1.000000E-35
   7.316667E+05  1.000000E-35  1.000000E-35
   7.350000E+05  1.000000E-35  1.000000E-35
   7.383333E+05  1.000000E-35  1.000000E-35
   7.416667E+05  1.000000E-35  1.000000E-35
   7.450000E+05  1.000000E-35  1.000000E-35
   7.483333E+05  1.000000E-35  1.000000E-35
   7.516667E+05  1.000000E-35  1.000000E-35
   7.550000E+05  1.000000E-35  1.000000E-35
   7.583333E+05  1.000000E-35  1.000000E-35
   7.616667E+05  1.000000E-35  1.000000E-35
   7.650000E+05  1.000000E-35  1.000000E-35
   7.683333E+05  1.000000E-35  1.000000E-35
   7.716667E+05  1.000000E-35  1.000000E-35
   7.750000E+05  1.000000E-35  1.000000E-35
   7.783333E+05  1.000000E-35  1.000000E-35
   7.816667E+05  1.000000E-35  1.000000E-35
   7.850000E+05  1.000000E-35  1.000000E-35
   7.883333E+05  1.000000E-35  1.000000E-35
   7.916667E+05  1.000000E-35  1.000000E-35
   7.950000E+05  1.000000E-35  1.000000E-35
   7.983333E+05  1.000000E-35  1.000000E-35
   8.016667E+05  1.000000E-35  1.000000E-35
   8.050000E+05  1.000000E-35  1.000000E-35
   8.083333E+05  1.000000E-35  1.000000E-35
   8.116667E+05  1.000000E-35  1.000000E-35
   8.150000E+05  1.000000E-35  1.000000E-35
   8.183333E+05  1.000000E-35  1.000000E-35
   8.216667E+05  1.000000E-35  1.000000E-35
   8.250000E+05  1.000000E-35  1.000000E-35
   8.283333E+05  1.000000E-35  1.000000E-35
   8.316667E+05  1.000000E-35  1.000000E-35
   8.350000E+05  1.000000E-35  1.000000E-35
   8.383333E+05  1.000000E-35  1.000000E-35
   8.416667E+05  1.000000E-35  1.000000E-35
   8.450000E+05  1.000000E-35  1.000000E-35
   8.483333E+05  1.000000E-35  1.000000E-35
   8.516667E+05  1.000000E-35  1.000000E-35
   8.550000E+05  1.000000E-35  1.000000E-35
   8.583333E+05  1.000000E-35  1.000000E-35
   8.616667E+05  1.000000E-35  1.000000E-35
   8.650000E+05  1.000000E-35  1.000000E-35
   8.683333E+05  1.000000E-35  1.000000E-35
   8.716667E+05  1.000000E-35  1.000000E-35
   8.750000E+05  1.000000E-35  1.000000E-35
   8.783333E+05  1.000000E-35  1.000000E-35
   8.816667E+05  1.000000E-35  1.000000E-35
   8.850000E+05  1.000000E-35  1.000000E-35
   8.883333E+05  1.000000E-35  1.000000E-35
   8.916667E+05  1.000000E-35  1.000000E-35
   8.950000E+05  1.000000E-35  1.000000E-35
   8.983333E+05  1.000000E-35  1.000000E-35
   9.016667E+05  1.000000E-35  1.000000E-35
   9.050000E+05  1.000000E-35  1.000000E-35
   9.083333E+05  1.000000E-35  1.000000E-35
   9.116667E+05  1.000000E-35  1.000000E-35
   9.150000E+05  1.000000E-35  1.000000E-35
   9.183333E+05  1.000000E-35  1.000000E-35
   9.216667E+05  1.000000E-35  1.000000E-35
   9.250000E+05  1.000000E-35  1.000000E-35
   9.283333E+05  1.000000E-35  1.000000E-35
   9.316667E+05  1.000000E-35  1.000000E-35
   9.350000E+05  1.000000E-35  1.000000E-35
   9.383333E+05  1.000000E-35  1.000000E-35
   9.416667E+05  1.000000E-35  1.000000E-35
   9.450000E+05  1.000000E-35  1.000000E-35
   9.483333E+05  1.000000E-35  1.000000E-35
   9.516667E+05  1.000000E-35  1.000000E-35
   9.550000E+05  1.000000E-35  1.000000E-35
   9.583333E+05  1.000000E-35  1.000000E-35
   9.616667E+05  1.000000E-35  1.000000E-35
   9.650000E+05  1.000000E-35  1.000000E-35
   9.683333E+05  1.000000E-35  1.000000E-35
   9.716667E+05  1.000000E-35  1.000000E-35
   9.750000E+05  1.000000E-35  1.000000E-35
   9.783333E+05  1.000000E-35  1.000000E-35
   9.816667E+05  1.000000E-35  1.000000E-35
   9.850000E+05  1.000000E-35  1.000000E-35
   9.883333E+05  1.000000E-35  1.000000E-35
   9.916667E+05  1.000000E-35  1.000000E-35
   9.950000E+05  1.000000E-35  1.000000E-35
   9.983333E+05  1.000000E-35  1.000000E-35
