 #  Results from PENMAIN. Output from energy-deposition detector #  1
 #  Deposited energy spectrum.
 #  WARNING: May be strongly biased if interaction forcing is used!
 #  1st column: deposited energy (eV).
 #  2nd column: probability density (1/(eV*particle)).
 #  3rd column: statistical uncertainty (3 sigma).

   1.666667E+03  1.703100E-06  6.761853E-08
   5.000000E+03  1.432500E-06  6.204258E-08
   8.333333E+03  1.195200E-06  5.669377E-08
   1.166667E+04  2.038800E-06  7.394153E-08
   1.500000E+04  1.916700E-06  7.170792E-08
   1.833333E+04  1.836000E-06  7.019161E-08
   2.166667E+04  1.740900E-06  6.836047E-08
   2.500000E+04  1.646100E-06  6.648371E-08
   2.833333E+04  1.515000E-06  6.379532E-08
   3.166667E+04  1.378200E-06  6.086087E-08
   3.500000E+04  1.227900E-06  5.746095E-08
   3.833333E+04  1.105800E-06  5.454040E-08
   4.166667E+04  1.002300E-06  5.193427E-08
   4.500000E+04  8.931000E-07  4.903255E-08
   4.833333E+04  8.127000E-07  4.677976E-08
   5.166667E+04  7.311000E-07  4.437521E-08
   5.500000E+04  6.681000E-07  4.242467E-08
   5.833333E+04  6.138000E-07  4.066779E-08
   6.166667E+04  5.712000E-07  3.923396E-08
   6.500000E+04  5.355000E-07  3.799038E-08
   6.833333E+04  5.124000E-07  3.716338E-08
   7.166667E+04  4.794000E-07  3.594874E-08
   7.500000E+04  4.698000E-07  3.558755E-08
   7.833333E+04  4.251000E-07  3.385474E-08
   8.166667E+04  4.023000E-07  3.293559E-08
   8.500000E+04  4.191000E-07  3.361531E-08
   8.833333E+04  3.819000E-07  3.209077E-08
   9.166667E+04  3.558000E-07  3.097613E-08
   9.500000E+04  3.519000E-07  3.080610E-08
   9.833333E+04  3.426000E-07  3.039677E-08
   1.016667E+05  3.072000E-07  2.878525E-08
   1.050000E+05  3.111000E-07  2.896720E-08
   1.083333E+05  3.192000E-07  2.934149E-08
   1.116667E+05  2.814000E-07  2.755118E-08
   1.150000E+05  2.895000E-07  2.794451E-08
   1.183333E+05  2.802000E-07  2.749242E-08
   1.216667E+05  2.679000E-07  2.688278E-08
   1.250000E+05  2.655000E-07  2.676220E-08
   1.283333E+05  2.718000E-07  2.707758E-08
   1.316667E+05  2.655000E-07  2.676220E-08
   1.350000E+05  2.451000E-07  2.571438E-08
   1.383333E+05  2.421000E-07  2.555665E-08
   1.416667E+05  2.226000E-07  2.450661E-08
   1.450000E+05  2.406000E-07  2.547742E-08
   1.483333E+05  2.196000E-07  2.434103E-08
   1.516667E+05  2.340000E-07  2.512583E-08
   1.550000E+05  2.112000E-07  2.387129E-08
   1.583333E+05  2.190000E-07  2.430778E-08
   1.616667E+05  2.055000E-07  2.354719E-08
   1.650000E+05  1.911000E-07  2.270774E-08
   1.683333E+05  1.875000E-07  2.249297E-08
   1.716667E+05  1.890000E-07  2.258270E-08
   1.750000E+05  1.863000E-07  2.242092E-08
   1.783333E+05  1.785000E-07  2.194683E-08
   1.816667E+05  1.785000E-07  2.194683E-08
   1.850000E+05  1.869000E-07  2.245697E-08
   1.883333E+05  1.758000E-07  2.178031E-08
   1.916667E+05  1.656000E-07  2.113938E-08
   1.950000E+05  1.650000E-07  2.110107E-08
   1.983333E+05  1.713000E-07  2.149990E-08
   2.016667E+05  1.587000E-07  2.069452E-08
   2.050000E+05  1.674000E-07  2.125389E-08
   2.083333E+05  1.674000E-07  2.125389E-08
   2.116667E+05  1.599000E-07  2.077258E-08
   2.150000E+05  1.533000E-07  2.033958E-08
   2.183333E+05  1.494000E-07  2.007932E-08
   2.216667E+05  1.482000E-07  1.999856E-08
   2.250000E+05  1.536000E-07  2.035946E-08
   2.283333E+05  1.560000E-07  2.051782E-08
   2.316667E+05  1.452000E-07  1.979521E-08
   2.350000E+05  1.410000E-07  1.950695E-08
   2.383333E+05  1.368000E-07  1.921436E-08
   2.416667E+05  1.380000E-07  1.929841E-08
   2.450000E+05  1.377000E-07  1.927743E-08
   2.483333E+05  1.269000E-07  1.850635E-08
   2.516667E+05  1.371000E-07  1.923541E-08
   2.550000E+05  1.242000E-07  1.830850E-08
   2.583333E+05  1.272000E-07  1.852821E-08
   2.616667E+05  1.227000E-07  1.819765E-08
   2.650000E+05  1.236000E-07  1.826424E-08
   2.683333E+05  1.107000E-07  1.728525E-08
   2.716667E+05  1.101000E-07  1.723836E-08
   2.750000E+05  1.110000E-07  1.730864E-08
   2.783333E+05  1.164000E-07  1.772450E-08
   2.816667E+05  1.149000E-07  1.760997E-08
   2.850000E+05  1.116000E-07  1.735534E-08
   2.883333E+05  1.176000E-07  1.781560E-08
   2.916667E+05  1.098000E-07  1.721486E-08
   2.950000E+05  1.092000E-07  1.716778E-08
   2.983333E+05  1.026000E-07  1.664107E-08
   3.016667E+05  1.119000E-07  1.737865E-08
   3.050000E+05  1.068000E-07  1.697814E-08
   3.083333E+05  1.056000E-07  1.688252E-08
   3.116667E+05  9.600000E-08  1.609711E-08
   3.150000E+05  9.660000E-08  1.614732E-08
   3.183333E+05  9.870000E-08  1.632184E-08
   3.216667E+05  9.270000E-08  1.581811E-08
   3.250000E+05  9.690000E-08  1.617237E-08
   3.283333E+05  9.270000E-08  1.581811E-08
   3.316667E+05  9.000000E-08  1.558612E-08
   3.350000E+05  8.730000E-08  1.535062E-08
   3.383333E+05  9.420000E-08  1.594554E-08
   3.416667E+05  9.510000E-08  1.602150E-08
   3.450000E+05  9.210000E-08  1.576685E-08
   3.483333E+05  7.890000E-08  1.459363E-08
   3.516667E+05  1.002000E-07  1.644535E-08
   3.550000E+05  9.090000E-08  1.566383E-08
   3.583333E+05  8.280000E-08  1.494986E-08
   3.616667E+05  8.820000E-08  1.542952E-08
   3.650000E+05  8.310000E-08  1.497691E-08
   3.683333E+05  8.640000E-08  1.527131E-08
   3.716667E+05  8.610000E-08  1.524478E-08
   3.750000E+05  7.830000E-08  1.453805E-08
   3.783333E+05  7.830000E-08  1.453805E-08
   3.816667E+05  8.280000E-08  1.494986E-08
   3.850000E+05  8.160000E-08  1.484116E-08
   3.883333E+05  8.670000E-08  1.529779E-08
   3.916667E+05  7.440000E-08  1.417146E-08
   3.950000E+05  7.980000E-08  1.467660E-08
   3.983333E+05  7.830000E-08  1.453805E-08
   4.016667E+05  7.590000E-08  1.431357E-08
   4.050000E+05  7.980000E-08  1.467660E-08
   4.083333E+05  7.350000E-08  1.408550E-08
   4.116667E+05  7.290000E-08  1.402791E-08
   4.150000E+05  8.040000E-08  1.473166E-08
   4.183333E+05  7.170000E-08  1.391200E-08
   4.216667E+05  7.110000E-08  1.385368E-08
   4.250000E+05  7.110000E-08  1.385368E-08
   4.283333E+05  6.930000E-08  1.367724E-08
   4.316667E+05  6.960000E-08  1.370680E-08
   4.350000E+05  5.940000E-08  1.266287E-08
   4.383333E+05  6.480000E-08  1.322582E-08
   4.416667E+05  6.390000E-08  1.313367E-08
   4.450000E+05  7.260000E-08  1.399902E-08
   4.483333E+05  6.720000E-08  1.346846E-08
   4.516667E+05  6.570000E-08  1.331733E-08
   4.550000E+05  6.540000E-08  1.328689E-08
   4.583333E+05  6.600000E-08  1.334769E-08
   4.616667E+05  5.940000E-08  1.266287E-08
   4.650000E+05  5.670000E-08  1.237179E-08
   4.683333E+05  5.610000E-08  1.230616E-08
   4.716667E+05  6.150000E-08  1.288472E-08
   4.750000E+05  6.270000E-08  1.300979E-08
   4.783333E+05  5.610000E-08  1.230616E-08
   4.816667E+05  6.510000E-08  1.325639E-08
   4.850000E+05  6.060000E-08  1.279011E-08
   4.883333E+05  5.190000E-08  1.183663E-08
   4.916667E+05  5.520000E-08  1.220707E-08
   4.950000E+05  4.800000E-08  1.138329E-08
   4.983333E+05  5.490000E-08  1.217386E-08
   5.016667E+05  5.370000E-08  1.204010E-08
   5.050000E+05  4.980000E-08  1.159473E-08
   5.083333E+05  5.160000E-08  1.180237E-08
   5.116667E+05  5.040000E-08  1.166435E-08
   5.150000E+05  4.560000E-08  1.109510E-08
   5.183333E+05  4.770000E-08  1.134767E-08
   5.216667E+05  5.460000E-08  1.214056E-08
   5.250000E+05  5.010000E-08  1.162959E-08
   5.283333E+05  5.190000E-08  1.183663E-08
   5.316667E+05  5.310000E-08  1.197266E-08
   5.350000E+05  4.290000E-08  1.076167E-08
   5.383333E+05  4.770000E-08  1.134767E-08
   5.416667E+05  4.440000E-08  1.094816E-08
   5.450000E+05  4.710000E-08  1.127608E-08
   5.483333E+05  3.930000E-08  1.030030E-08
   5.516667E+05  4.800000E-08  1.138329E-08
   5.550000E+05  4.470000E-08  1.098508E-08
   5.583333E+05  4.740000E-08  1.131193E-08
   5.616667E+05  3.570000E-08  9.817257E-09
   5.650000E+05  4.230000E-08  1.068615E-08
   5.683333E+05  3.660000E-08  9.940218E-09
   5.716667E+05  3.960000E-08  1.033953E-08
   5.750000E+05  4.020000E-08  1.041756E-08
   5.783333E+05  3.630000E-08  9.899401E-09
   5.816667E+05  3.540000E-08  9.775926E-09
   5.850000E+05  4.290000E-08  1.076167E-08
   5.883333E+05  3.750000E-08  1.006168E-08
   5.916667E+05  3.750000E-08  1.006168E-08
   5.950000E+05  3.300000E-08  9.438760E-09
   5.983333E+05  4.080000E-08  1.049500E-08
   6.016667E+05  3.480000E-08  9.692734E-09
   6.050000E+05  3.780000E-08  1.010184E-08
   6.083333E+05  3.390000E-08  9.566591E-09
   6.116667E+05  3.420000E-08  9.608823E-09
   6.150000E+05  3.510000E-08  9.734419E-09
   6.183333E+05  3.030000E-08  9.044431E-09
   6.216667E+05  3.270000E-08  9.395764E-09
   6.250000E+05  2.730000E-08  8.585062E-09
   6.283333E+05  3.120000E-08  9.177758E-09
   6.316667E+05  3.270000E-08  9.395764E-09
   6.350000E+05  3.300000E-08  9.438760E-09
   6.383333E+05  3.240000E-08  9.352569E-09
   6.416667E+05  2.760000E-08  8.632100E-09
   6.450000E+05  3.180000E-08  9.265576E-09
   6.483333E+05  3.090000E-08  9.133532E-09
   6.516667E+05  2.520000E-08  8.248290E-09
   6.550000E+05  1.950000E-08  7.255796E-09
   6.583333E+05  2.700000E-08  8.537765E-09
   6.616667E+05  2.550000E-08  8.297237E-09
   6.650000E+05  2.490000E-08  8.199050E-09
   6.683333E+05  2.250000E-08  7.793936E-09
   6.716667E+05  2.340000E-08  7.948275E-09
   6.750000E+05  1.980000E-08  7.311393E-09
   6.783333E+05  2.190000E-08  7.689323E-09
   6.816667E+05  2.040000E-08  7.421338E-09
   6.850000E+05  2.220000E-08  7.741806E-09
   6.883333E+05  2.100000E-08  7.529677E-09
   6.916667E+05  2.040000E-08  7.421338E-09
   6.950000E+05  2.220000E-08  7.741806E-09
   6.983333E+05  1.980000E-08  7.311393E-09
   7.016667E+05  2.310000E-08  7.897164E-09
   7.050000E+05  2.490000E-08  8.199050E-09
   7.083333E+05  1.950000E-08  7.255796E-09
   7.116667E+05  2.100000E-08  7.529677E-09
   7.150000E+05  1.470000E-08  6.299846E-09
   7.183333E+05  1.590000E-08  6.551925E-09
   7.216667E+05  1.620000E-08  6.613444E-09
   7.250000E+05  1.410000E-08  6.169944E-09
   7.283333E+05  1.590000E-08  6.551925E-09
   7.316667E+05  1.380000E-08  6.103957E-09
   7.350000E+05  1.320000E-08  5.969793E-09
   7.383333E+05  1.230000E-08  5.762694E-09
   7.416667E+05  1.200000E-08  5.691986E-09
   7.450000E+05  9.900000E-09  5.170021E-09
   7.483333E+05  9.900000E-09  5.170021E-09
   7.516667E+05  9.000000E-09  4.929429E-09
   7.550000E+05  1.170000E-08  5.620389E-09
   7.583333E+05  1.230000E-08  5.762694E-09
   7.616667E+05  9.000000E-09  4.929429E-09
   7.650000E+05  7.500000E-09  4.499944E-09
   7.683333E+05  5.400000E-09  3.818342E-09
   7.716667E+05  9.000000E-09  4.929429E-09
   7.750000E+05  6.000000E-09  4.024882E-09
   7.783333E+05  5.400000E-09  3.818342E-09
   7.816667E+05  4.200000E-09  3.367468E-09
   7.850000E+05  3.900000E-09  3.244975E-09
   7.883333E+05  2.400000E-09  2.545574E-09
   7.916667E+05  5.400000E-09  3.818342E-09
   7.950000E+05  1.200000E-09  1.799996E-09
   7.983333E+05  2.100000E-09  2.381168E-09
   8.016667E+05  1.800000E-09  2.204534E-09
   8.050000E+05  2.100000E-09  2.381168E-09
   8.083333E+05  2.100000E-09  2.381168E-09
   8.116667E+05  2.100000E-09  2.381168E-09
   8.150000E+05  6.000000E-10  1.272791E-09
   8.183333E+05  1.500000E-09  2.012456E-09
   8.216667E+05  1.200000E-09  1.799996E-09
   8.250000E+05  2.100000E-09  2.381168E-09
   8.283333E+05  6.000000E-10  1.272791E-09
   8.316667E+05  3.000000E-10  8.999995E-10
   8.350000E+05  1.200000E-09  1.799996E-09
   8.383333E+05  6.000000E-10  1.272791E-09
   8.416667E+05  1.200000E-09  1.799996E-09
   8.450000E+05  1.200000E-09  1.799996E-09
   8.483333E+05  1.000000E-35  1.000000E-35
   8.516667E+05  6.000000E-10  1.272791E-09
   8.550000E+05  1.000000E-35  1.000000E-35
   8.583333E+05  3.000000E-10  8.999995E-10
   8.616667E+05  1.000000E-35  1.000000E-35
   8.650000E+05  6.000000E-10  1.272791E-09
   8.683333E+05  3.000000E-10  8.999995E-10
   8.716667E+05  6.000000E-10  1.272791E-09
   8.750000E+05  1.000000E-35  1.000000E-35
   8.783333E+05  1.000000E-35  1.000000E-35
   8.816667E+05  1.000000E-35  1.000000E-35
   8.850000E+05  1.000000E-35  1.000000E-35
   8.883333E+05  1.000000E-35  1.000000E-35
   8.916667E+05  1.000000E-35  1.000000E-35
   8.950000E+05  1.000000E-35  1.000000E-35
   8.983333E+05  1.000000E-35  1.000000E-35
   9.016667E+05  9.000000E-10  1.558843E-09
   9.050000E+05  1.000000E-35  1.000000E-35
   9.083333E+05  1.000000E-35  1.000000E-35
   9.116667E+05  1.000000E-35  1.000000E-35
   9.150000E+05  3.000000E-10  8.999995E-10
   9.183333E+05  1.000000E-35  1.000000E-35
   9.216667E+05  3.000000E-10  8.999995E-10
   9.250000E+05  1.000000E-35  1.000000E-35
   9.283333E+05  3.000000E-10  8.999995E-10
   9.316667E+05  1.000000E-35  1.000000E-35
   9.350000E+05  1.000000E-35  1.000000E-35
   9.383333E+05  1.000000E-35  1.000000E-35
   9.416667E+05  1.000000E-35  1.000000E-35
   9.450000E+05  1.000000E-35  1.000000E-35
   9.483333E+05  1.000000E-35  1.000000E-35
   9.516667E+05  1.000000E-35  1.000000E-35
   9.550000E+05  1.000000E-35  1.000000E-35
   9.583333E+05  1.000000E-35  1.000000E-35
   9.616667E+05  1.000000E-35  1.000000E-35
   9.650000E+05  3.000000E-10  8.999995E-10
   9.683333E+05  3.000000E-10  8.999995E-10
   9.716667E+05  3.000000E-10  8.999995E-10
   9.750000E+05  1.000000E-35  1.000000E-35
   9.783333E+05  1.000000E-35  1.000000E-35
   9.816667E+05  1.000000E-35  1.000000E-35
   9.850000E+05  1.000000E-35  1.000000E-35
   9.883333E+05  1.000000E-35  1.000000E-35
   9.916667E+05  1.000000E-35  1.000000E-35
   9.950000E+05  1.000000E-35  1.000000E-35
   9.983333E+05  1.000000E-35  1.000000E-35
