 #  Results from PENMAIN. Output from energy-deposition detector #  1
 #  Deposited energy spectrum.
 #  WARNING: May be strongly biased if interaction forcing is used!
 #  1st column: deposited energy (eV).
 #  2nd column: probability density (1/(eV*particle)).
 #  3rd column: statistical uncertainty (3 sigma).

   1.666667E+03  3.621000E-07  3.124884E-08
   5.000000E+03  4.920000E-07  3.641732E-08
   8.333333E+03  4.686000E-07  3.554214E-08
   1.166667E+04  1.462800E-06  6.269212E-08
   1.500000E+04  1.522500E-06  6.395223E-08
   1.833333E+04  1.545300E-06  6.442685E-08
   2.166667E+04  1.576500E-06  6.507059E-08
   2.500000E+04  1.557300E-06  6.467521E-08
   2.833333E+04  1.540800E-06  6.433345E-08
   3.166667E+04  1.525500E-06  6.401489E-08
   3.500000E+04  1.527900E-06  6.406496E-08
   3.833333E+04  1.500900E-06  6.349926E-08
   4.166667E+04  1.508700E-06  6.366321E-08
   4.500000E+04  1.524900E-06  6.400236E-08
   4.833333E+04  1.452600E-06  6.247423E-08
   5.166667E+04  1.479300E-06  6.304296E-08
   5.500000E+04  1.479600E-06  6.304932E-08
   5.833333E+04  1.465200E-06  6.274328E-08
   6.166667E+04  1.431300E-06  6.201671E-08
   6.500000E+04  1.422600E-06  6.182884E-08
   6.833333E+04  1.449000E-06  6.239714E-08
   7.166667E+04  1.434600E-06  6.208782E-08
   7.500000E+04  1.416600E-06  6.169894E-08
   7.833333E+04  1.402200E-06  6.138603E-08
   8.166667E+04  1.407300E-06  6.149704E-08
   8.500000E+04  1.385700E-06  6.102547E-08
   8.833333E+04  1.389300E-06  6.110433E-08
   9.166667E+04  1.248300E-06  5.793432E-08
   9.500000E+04  1.215000E-06  5.715955E-08
   9.833333E+04  1.194000E-06  5.666542E-08
   1.016667E+05  1.181100E-06  5.635969E-08
   1.050000E+05  1.183800E-06  5.642382E-08
   1.083333E+05  1.229700E-06  5.750287E-08
   1.116667E+05  1.194300E-06  5.667250E-08
   1.150000E+05  1.237800E-06  5.769117E-08
   1.183333E+05  1.219800E-06  5.727188E-08
   1.216667E+05  1.201500E-06  5.684239E-08
   1.250000E+05  1.237800E-06  5.769117E-08
   1.283333E+05  1.206900E-06  5.696947E-08
   1.316667E+05  1.192800E-06  5.663705E-08
   1.350000E+05  1.227000E-06  5.743997E-08
   1.383333E+05  1.206300E-06  5.695536E-08
   1.416667E+05  1.192800E-06  5.663705E-08
   1.450000E+05  1.200900E-06  5.682825E-08
   1.483333E+05  1.220100E-06  5.727890E-08
   1.516667E+05  1.206300E-06  5.695536E-08
   1.550000E+05  1.196100E-06  5.671503E-08
   1.583333E+05  1.193700E-06  5.665832E-08
   1.616667E+05  1.201200E-06  5.683532E-08
   1.650000E+05  1.169400E-06  5.608095E-08
   1.683333E+05  1.208400E-06  5.700472E-08
   1.716667E+05  1.248900E-06  5.794819E-08
   1.750000E+05  1.174200E-06  5.619547E-08
   1.783333E+05  1.184700E-06  5.644518E-08
   1.816667E+05  1.186800E-06  5.649499E-08
   1.850000E+05  1.209600E-06  5.703290E-08
   1.883333E+05  1.186200E-06  5.648076E-08
   1.916667E+05  1.161900E-06  5.590152E-08
   1.950000E+05  1.213200E-06  5.711736E-08
   1.983333E+05  1.182300E-06  5.638820E-08
   2.016667E+05  1.181400E-06  5.636682E-08
   2.050000E+05  1.179600E-06  5.632403E-08
   2.083333E+05  1.189800E-06  5.656606E-08
   2.116667E+05  1.150800E-06  5.563489E-08
   2.150000E+05  1.183500E-06  5.641670E-08
   2.183333E+05  1.139400E-06  5.535970E-08
   2.216667E+05  1.145400E-06  5.550471E-08
   2.250000E+05  1.141800E-06  5.541775E-08
   2.283333E+05  1.137300E-06  5.530885E-08
   2.316667E+05  1.171500E-06  5.613108E-08
   2.350000E+05  1.112700E-06  5.470966E-08
   2.383333E+05  1.182600E-06  5.639533E-08
   2.416667E+05  1.113000E-06  5.471701E-08
   2.450000E+05  1.125900E-06  5.503200E-08
   2.483333E+05  1.128900E-06  5.510499E-08
   2.516667E+05  1.135800E-06  5.527250E-08
   2.550000E+05  1.110300E-06  5.465085E-08
   2.583333E+05  1.113900E-06  5.473904E-08
   2.616667E+05  1.098900E-06  5.437060E-08
   2.650000E+05  1.051200E-06  5.318171E-08
   2.683333E+05  1.107300E-06  5.457724E-08
   2.716667E+05  1.092600E-06  5.421509E-08
   2.750000E+05  1.087200E-06  5.408144E-08
   2.783333E+05  1.066800E-06  5.357348E-08
   2.816667E+05  1.050300E-06  5.315902E-08
   2.850000E+05  1.050600E-06  5.316659E-08
   2.883333E+05  1.049700E-06  5.314389E-08
   2.916667E+05  1.016100E-06  5.228937E-08
   2.950000E+05  1.005000E-06  5.200394E-08
   2.983333E+05  9.960000E-07  5.177134E-08
   3.016667E+05  9.834000E-07  5.144391E-08
   3.050000E+05  9.837000E-07  5.145173E-08
   3.083333E+05  9.339000E-07  5.013662E-08
   3.116667E+05  9.642000E-07  5.094088E-08
   3.150000E+05  9.720000E-07  5.114584E-08
   3.183333E+05  9.393000E-07  5.028091E-08
   3.216667E+05  9.384000E-07  5.025689E-08
   3.250000E+05  9.186000E-07  4.972550E-08
   3.283333E+05  9.384000E-07  5.025689E-08
   3.316667E+05  9.207000E-07  4.978213E-08
   3.350000E+05  9.018000E-07  4.927008E-08
   3.383333E+05  8.976000E-07  4.915556E-08
   3.416667E+05  8.910000E-07  4.897505E-08
   3.450000E+05  8.673000E-07  4.832122E-08
   3.483333E+05  8.718000E-07  4.844605E-08
   3.516667E+05  8.763000E-07  4.857056E-08
   3.550000E+05  8.748000E-07  4.852909E-08
   3.583333E+05  8.277000E-07  4.720831E-08
   3.616667E+05  8.286000E-07  4.723389E-08
   3.650000E+05  8.235000E-07  4.708871E-08
   3.683333E+05  8.292000E-07  4.725095E-08
   3.716667E+05  7.884000E-07  4.607696E-08
   3.750000E+05  7.710000E-07  4.556698E-08
   3.783333E+05  7.917000E-07  4.617303E-08
   3.816667E+05  7.734000E-07  4.563767E-08
   3.850000E+05  7.833000E-07  4.592807E-08
   3.883333E+05  7.641000E-07  4.536315E-08
   3.916667E+05  7.650000E-07  4.538979E-08
   3.950000E+05  7.641000E-07  4.536315E-08
   3.983333E+05  7.443000E-07  4.477303E-08
   4.016667E+05  7.062000E-07  4.361481E-08
   4.050000E+05  7.374000E-07  4.456553E-08
   4.083333E+05  7.212000E-07  4.407447E-08
   4.116667E+05  6.921000E-07  4.317822E-08
   4.150000E+05  7.014000E-07  4.346668E-08
   4.183333E+05  6.873000E-07  4.302858E-08
   4.216667E+05  6.705000E-07  4.250063E-08
   4.250000E+05  6.894000E-07  4.309411E-08
   4.283333E+05  6.948000E-07  4.326217E-08
   4.316667E+05  6.684000E-07  4.243417E-08
   4.350000E+05  6.477000E-07  4.177337E-08
   4.383333E+05  6.615000E-07  4.221507E-08
   4.416667E+05  6.579000E-07  4.210029E-08
   4.450000E+05  6.192000E-07  4.084592E-08
   4.483333E+05  6.573000E-07  4.208113E-08
   4.516667E+05  6.294000E-07  4.118027E-08
   4.550000E+05  6.306000E-07  4.121943E-08
   4.583333E+05  6.273000E-07  4.111166E-08
   4.616667E+05  6.114000E-07  4.058837E-08
   4.650000E+05  5.988000E-07  4.016881E-08
   4.683333E+05  6.003000E-07  4.021899E-08
   4.716667E+05  6.093000E-07  4.051875E-08
   4.750000E+05  5.883000E-07  3.981576E-08
   4.783333E+05  5.844000E-07  3.968383E-08
   4.816667E+05  6.075000E-07  4.045897E-08
   4.850000E+05  5.754000E-07  3.937766E-08
   4.883333E+05  5.673000E-07  3.910005E-08
   4.916667E+05  5.748000E-07  3.935717E-08
   4.950000E+05  5.664000E-07  3.906908E-08
   4.983333E+05  5.790000E-07  3.950042E-08
   5.016667E+05  5.547000E-07  3.866421E-08
   5.050000E+05  5.217000E-07  3.749854E-08
   5.083333E+05  5.196000E-07  3.742312E-08
   5.116667E+05  5.268000E-07  3.768106E-08
   5.150000E+05  5.109000E-07  3.710904E-08
   5.183333E+05  5.313000E-07  3.784137E-08
   5.216667E+05  5.286000E-07  3.774527E-08
   5.250000E+05  5.115000E-07  3.713079E-08
   5.283333E+05  5.079000E-07  3.700011E-08
   5.316667E+05  5.121000E-07  3.715252E-08
   5.350000E+05  5.070000E-07  3.696737E-08
   5.383333E+05  4.935000E-07  3.647270E-08
   5.416667E+05  4.902000E-07  3.635075E-08
   5.450000E+05  4.683000E-07  3.553078E-08
   5.483333E+05  4.608000E-07  3.524555E-08
   5.516667E+05  4.515000E-07  3.488861E-08
   5.550000E+05  4.584000E-07  3.515379E-08
   5.583333E+05  4.749000E-07  3.577989E-08
   5.616667E+05  4.575000E-07  3.511931E-08
   5.650000E+05  4.341000E-07  3.421073E-08
   5.683333E+05  4.689000E-07  3.555350E-08
   5.716667E+05  4.350000E-07  3.424612E-08
   5.750000E+05  4.560000E-07  3.506178E-08
   5.783333E+05  4.467000E-07  3.470294E-08
   5.816667E+05  4.326000E-07  3.415166E-08
   5.850000E+05  4.332000E-07  3.417530E-08
   5.883333E+05  4.239000E-07  3.380699E-08
   5.916667E+05  4.335000E-07  3.418711E-08
   5.950000E+05  4.158000E-07  3.348289E-08
   5.983333E+05  4.074000E-07  3.314342E-08
   6.016667E+05  4.104000E-07  3.326506E-08
   6.050000E+05  4.209000E-07  3.368732E-08
   6.083333E+05  4.137000E-07  3.339835E-08
   6.116667E+05  4.128000E-07  3.336205E-08
   6.150000E+05  4.086000E-07  3.319213E-08
   6.183333E+05  3.921000E-07  3.251594E-08
   6.216667E+05  3.810000E-07  3.205298E-08
   6.250000E+05  3.735000E-07  3.173633E-08
   6.283333E+05  3.876000E-07  3.232906E-08
   6.316667E+05  3.567000E-07  3.101524E-08
   6.350000E+05  3.783000E-07  3.193935E-08
   6.383333E+05  3.687000E-07  3.153199E-08
   6.416667E+05  3.603000E-07  3.117117E-08
   6.450000E+05  3.798000E-07  3.200253E-08
   6.483333E+05  3.711000E-07  3.163433E-08
   6.516667E+05  3.663000E-07  3.142932E-08
   6.550000E+05  3.720000E-07  3.167262E-08
   6.583333E+05  3.585000E-07  3.109330E-08
   6.616667E+05  3.414000E-07  3.034355E-08
   6.650000E+05  3.492000E-07  3.068782E-08
   6.683333E+05  3.516000E-07  3.079298E-08
   6.716667E+05  3.336000E-07  2.999531E-08
   6.750000E+05  3.450000E-07  3.050293E-08
   6.783333E+05  3.228000E-07  2.950631E-08
   6.816667E+05  3.345000E-07  3.003570E-08
   6.850000E+05  3.177000E-07  2.927254E-08
   6.883333E+05  3.231000E-07  2.952000E-08
   6.916667E+05  3.222000E-07  2.947890E-08
   6.950000E+05  3.216000E-07  2.945147E-08
   6.983333E+05  3.159000E-07  2.918958E-08
   7.016667E+05  3.183000E-07  2.930014E-08
   7.050000E+05  3.120000E-07  2.900903E-08
   7.083333E+05  2.925000E-07  2.808879E-08
   7.116667E+05  3.249000E-07  2.960203E-08
   7.150000E+05  3.150000E-07  2.914802E-08
   7.183333E+05  2.883000E-07  2.788659E-08
   7.216667E+05  3.021000E-07  2.854555E-08
   7.250000E+05  2.862000E-07  2.778494E-08
   7.283333E+05  2.652000E-07  2.674709E-08
   7.316667E+05  2.694000E-07  2.695787E-08
   7.350000E+05  2.631000E-07  2.664108E-08
   7.383333E+05  2.862000E-07  2.778494E-08
   7.416667E+05  2.796000E-07  2.746300E-08
   7.450000E+05  2.568000E-07  2.632046E-08
   7.483333E+05  2.889000E-07  2.791557E-08
   7.516667E+05  2.763000E-07  2.730060E-08
   7.550000E+05  2.688000E-07  2.692786E-08
   7.583333E+05  2.706000E-07  2.701779E-08
   7.616667E+05  2.721000E-07  2.709250E-08
   7.650000E+05  2.778000E-07  2.737454E-08
   7.683333E+05  2.730000E-07  2.713723E-08
   7.716667E+05  2.586000E-07  2.641246E-08
   7.750000E+05  2.580000E-07  2.638183E-08
   7.783333E+05  2.469000E-07  2.580855E-08
   7.816667E+05  2.547000E-07  2.621271E-08
   7.850000E+05  2.460000E-07  2.576151E-08
   7.883333E+05  2.397000E-07  2.542976E-08
   7.916667E+05  2.280000E-07  2.480186E-08
   7.950000E+05  2.424000E-07  2.557247E-08
   7.983333E+05  2.460000E-07  2.576151E-08
   8.016667E+05  2.445000E-07  2.568291E-08
   8.050000E+05  2.391000E-07  2.539794E-08
   8.083333E+05  2.391000E-07  2.539794E-08
   8.116667E+05  2.232000E-07  2.453959E-08
   8.150000E+05  2.280000E-07  2.480186E-08
   8.183333E+05  2.370000E-07  2.528625E-08
   8.216667E+05  2.385000E-07  2.536608E-08
   8.250000E+05  2.316000E-07  2.499674E-08
   8.283333E+05  2.223000E-07  2.449011E-08
   8.316667E+05  2.166000E-07  2.417432E-08
   8.350000E+05  2.400000E-07  2.544566E-08
   8.383333E+05  2.307000E-07  2.494817E-08
   8.416667E+05  2.265000E-07  2.472020E-08
   8.450000E+05  2.241000E-07  2.458898E-08
   8.483333E+05  2.172000E-07  2.420776E-08
   8.516667E+05  2.154000E-07  2.410731E-08
   8.550000E+05  2.304000E-07  2.493195E-08
   8.583333E+05  2.205000E-07  2.439083E-08
   8.616667E+05  2.187000E-07  2.429114E-08
   8.650000E+05  2.190000E-07  2.430778E-08
   8.683333E+05  2.067000E-07  2.361579E-08
   8.716667E+05  2.268000E-07  2.473655E-08
   8.750000E+05  1.989000E-07  2.316622E-08
   8.783333E+05  2.073000E-07  2.365002E-08
   8.816667E+05  2.148000E-07  2.407374E-08
   8.850000E+05  2.019000E-07  2.334016E-08
   8.883333E+05  2.022000E-07  2.335748E-08
   8.916667E+05  1.929000E-07  2.281436E-08
   8.950000E+05  1.998000E-07  2.321854E-08
   8.983333E+05  2.064000E-07  2.359866E-08
   9.016667E+05  1.911000E-07  2.270774E-08
   9.050000E+05  2.049000E-07  2.351281E-08
   9.083333E+05  2.094000E-07  2.376942E-08
   9.116667E+05  1.953000E-07  2.295576E-08
   9.150000E+05  1.932000E-07  2.283208E-08
   9.183333E+05  2.070000E-07  2.363291E-08
   9.216667E+05  1.986000E-07  2.314876E-08
   9.250000E+05  1.905000E-07  2.267208E-08
   9.283333E+05  1.782000E-07  2.192839E-08
   9.316667E+05  2.010000E-07  2.328812E-08
   9.350000E+05  1.743000E-07  2.168724E-08
   9.383333E+05  1.734000E-07  2.163121E-08
   9.416667E+05  1.827000E-07  2.220337E-08
   9.450000E+05  1.872000E-07  2.247498E-08
   9.483333E+05  1.722000E-07  2.155628E-08
   9.516667E+05  1.830000E-07  2.222158E-08
   9.550000E+05  1.836000E-07  2.225796E-08
   9.583333E+05  1.782000E-07  2.192839E-08
   9.616667E+05  1.728000E-07  2.159378E-08
   9.650000E+05  1.899000E-07  2.263637E-08
   9.683333E+05  1.710000E-07  2.148108E-08
   9.716667E+05  1.671000E-07  2.123485E-08
   9.750000E+05  1.773000E-07  2.187298E-08
   9.783333E+05  1.740000E-07  2.166858E-08
   9.816667E+05  1.701000E-07  2.142451E-08
   9.850000E+05  1.761000E-07  2.179887E-08
   9.883333E+05  1.848000E-07  2.233053E-08
   9.916667E+05  1.800000E-07  2.203879E-08
   9.950000E+05  1.752000E-07  2.174313E-08
   9.983333E+05  1.773000E-07  2.187298E-08
